-----------------input_rate-------------------
521
1268 1267 1265 3800
463 893 2444 3800
1465 1468 1468 4401
584 1584 2233 4401
1468 1466 1467 4401
583 1562 2256 4401
1417 1568 1416 4401
693 1332 2376 4401
1239 1926 1236 4401
852 966 2583 4401
1056 1912 1433 4401
1129 1128 2144 4401
811 1212 1477 3500
916 916 1668 3500
1056 1389 1055 3500
653 727 2120 3500
1167 1168 1165 3500
528 952 2020 3500
1168 1165 1167 3500
604 1063 1833 3500
1168 1165 1167 3500
780 1255 1465 3500
976 976 1548 3500
1168 1165 1167 3500
825 947 1728 3500
1167 1168 1165 3500
820 980 1700 3500
1148 1148 1204 3500
1168 1165 1167 3500
788 968 1744 3500
1165 1167 1168 3500
859 1088 1553 3500
1108 1108 1384 3600
1200 1200 1200 3600
761 1060 1779 3600
1200 1200 1200 3600
947 1328 1325 3600
968 965 1667 3600
1300 1301 1300 3901
780 1218 1903 3901
1300 1300 1301 3901
928 1424 1549 3901
1118 1116 1667 3901
1301 1300 1300 3901
733 1296 1971 4000
1335 1332 1333 4000
829 1480 1691 4000
1188 1188 1624 4000
1335 1332 1333 4000
632 1380 1988 4000
1401 1400 1400 4201
836 1640 1725 4201
1230 1228 1743 4201
1066 1068 1066 3200
728 795 2178 3701
1232 1233 1236 3701
848 848 2005 3701
1252 860 1589 3701
1235 1232 1234 3701
837 492 2372 3701
1232 1236 1233 3701
1172 1172 1357 3701
883 564 2254 3701
1233 1236 1232 3701
808 808 1584 3200
888 608 1704 3200
1068 1064 1068 3200
1016 1020 1265 3301
644 422 2035 3101
1032 1034 1035 3101
1036 1032 1033 3101
768 592 2440 3800
1268 1264 1268 3800
1264 1268 1268 3800
744 604 2452 3800
1268 1268 1264 3800
1108 1108 1584 3800
868 780 2152 3800
1264 1268 1268 3800
904 992 1904 3800
960 960 1880 3800
1268 1264 1268 3800
772 880 2148 3800
876 872 1452 3200
1064 1068 1068 3200
1068 1068 1064 3200
676 773 2652 4101
1366 1367 1368 4101
646 648 2807 4101
1576 1108 1417 4101
1200 1200 1200 3600
860 1668 1072 3600
596 596 2408 3600
1200 1200 1200 3600
1300 1300 1301 3901
328 1097 2375 3800
1265 1267 1268 3800
1267 1268 1265 3800
548 1272 1581 3401
788 787 1826 3401
total time = 525.196
app 0 total events number 366774, throughput inf
app 1 total events number 412804, throughput inf
app 2 total events number 576841, throughput inf
process time = 41070 -- avg = 78.1994
total network usage = 163572
371.689
395.334
430.084
443.599
431.58
444.335
428.594
447.595
423.568
454.677
427.235
444.383
347.818
352.934
340.41
362.287
342.281
359.253
342.376
356.473
342.376
347.364
350.398
342.376
355.164
342.281
353.188
343.127
342.376
355.354
342.355
349.88
355.975
352.085
364.841
352.085
353.701
361.988
381.514
394.231
381.493
385.259
389.293
381.514
404.208
391.223
396.768
397.22
391.223
404.225
410.571
415.294
418.029
312.993
383.173
361.889
378.123
370.507
362.121
388.1
361.794
364.566
384.517
361.794
325.319
327.307
313.133
326.298
325.319
304.692
303.494
396.847
371.619
371.598
398.294
371.524
378.288
390.527
371.598
386.108
384.545
371.619
389.924
321.25
314.401
313.038
427.738
401.027
431.3
404.558
352.085
347.243
377.619
352.085
382.617
392.998
371.598
371.524
340.257
348.783
network usage average = 71.5609
manager usage = 25.78
------------event number record---------------
1268	1267	1265	
463	893	2444	
1465	1468	1468	
584	1584	2233	
1468	1466	1467	
583	1562	2256	
1417	1568	1416	
693	1332	2376	
1239	1926	1236	
852	966	2583	
1056	1912	1433	
1129	1128	2144	
811	1212	1477	
916	916	1668	
1056	1389	1055	
653	727	2120	
1167	1168	1165	
528	952	2020	
1168	1165	1167	
604	1063	1833	
1168	1165	1167	
780	1255	1465	
976	976	1548	
1168	1165	1167	
825	947	1728	
1167	1168	1165	
820	980	1700	
1148	1148	1204	
1168	1165	1167	
788	968	1744	
1165	1167	1168	
859	1088	1553	
1108	1108	1384	
1200	1200	1200	
761	1060	1779	
1200	1200	1200	
947	1328	1325	
968	965	1667	
1300	1301	1300	
780	1218	1903	
1300	1300	1301	
928	1424	1549	
1118	1116	1667	
1301	1300	1300	
733	1296	1971	
1335	1332	1333	
829	1480	1691	
1188	1188	1624	
1335	1332	1333	
632	1380	1988	
1401	1400	1400	
836	1640	1725	
1230	1228	1743	
1066	1068	1066	
728	795	2178	
1232	1233	1236	
848	848	2005	
1252	860	1589	
1235	1232	1234	
837	492	2372	
1232	1236	1233	
1172	1172	1357	
883	564	2254	
1233	1236	1232	
808	808	1584	
888	608	1704	
1068	1064	1068	
1016	1020	1265	
644	422	2035	
1032	1034	1035	
1036	1032	1033	
768	592	2440	
1268	1264	1268	
1264	1268	1268	
744	604	2452	
1268	1268	1264	
1108	1108	1584	
868	780	2152	
1264	1268	1268	
904	992	1904	
960	960	1880	
1268	1264	1268	
772	880	2148	
876	872	1452	
1064	1068	1068	
1068	1068	1064	
676	773	2652	
1366	1367	1368	
646	648	2807	
1576	1108	1417	
1200	1200	1200	
860	1668	1072	
596	596	2408	
1200	1200	1200	
1300	1300	1301	
328	1097	2375	
1265	1267	1268	
1267	1268	1265	
548	1272	1581	
788	787	1826	
app 0 avg time = 1008.72
app 1 avg time = 1131.83
app 2 avg time = 1596.85
avg = 1245.8
---------response time---------------
0.0108761	0.0113142	0.0112279	
0.011226	0.011664	0.0621058	
0.0108761	0.0113142	0.0116709	
0.0108761	0.0113142	0.0129889	
0.0110869	0.011525	0.0111763	
0.0112977	0.0117358	0.0111763	
0.0108761	0.0113142	0.0111763	
0.0108761	0.0113142	0.0114436	
0.0110869	0.011525	0.0111763	
0.0108761	0.0113142	0.0118982	
0.0108761	0.0113142	0.0367931	
0.0108761	0.0113142	0.0114436	
0.0108761	0.0113142	0.0167694	
0.0108761	0.0113142	0.0111763	
0.0108761	0.0113142	0.0111763	
0.0108761	0.0113142	0.0112098	
0.0108761	0.0113142	0.0111763	
0.0108761	0.0113142	0.0111763	
0.0108761	0.0113142	0.0111763	
0.0108761	0.0113142	0.0111763	
0.0108761	0.0113142	0.0111763	
0.0108761	0.0113142	0.0169033	
0.0108761	0.0113142	0.0111763	
0.0108761	0.0113142	0.0111763	
0.0108761	0.0113142	0.0112098	
0.0108761	0.0113142	0.0111763	
0.0108761	0.0113142	0.0185444	
0.0108761	0.0113142	0.0111763	
0.0108761	0.0113142	0.0111763	
0.0108761	0.0113142	0.0111763	
0.0108761	0.0113142	0.0112098	
0.0108761	0.0113142	0.0170038	
0.0108761	0.0113142	0.0111763	
0.0108761	0.0113142	0.0111763	
0.0108761	0.0113142	0.0112416	
0.0108761	0.0113142	0.0112416	
0.0108761	0.0113142	0.0173739	
0.0108761	0.0113142	0.0111763	
0.0110578	0.0114959	0.0111763	
0.0108761	0.0113142	0.0118399	
0.0108761	0.0113142	0.0115835	
0.0108761	0.0113142	0.0346867	
0.0110578	0.0114959	0.0111763	
0.0112395	0.0116775	0.0111763	
0.0108761	0.0113142	0.0118527	
0.0112523	0.0116904	0.0111763	
0.0108761	0.0113142	0.0497676	
0.0108761	0.0113142	0.0118527	
0.0112523	0.0116904	0.0111763	
0.0112523	0.0116904	0.0111763	
0.011038	0.0114761	0.0111763	
0.0108761	0.0113142	0.0608971	
0.0110761	0.0115142	0.0111763	
0.0108761	0.0113142	0.011452	
0.0108761	0.0113142	0.0112208	
0.0108761	0.0113142	0.0115419	
0.0108761	0.0113142	0.0388038	
0.0108761	0.0113142	0.0114943	
0.0112117	0.0116498	0.0111763	
0.0109415	0.0113795	0.0111763	
0.0108761	0.0113142	0.0111763	
0.0108761	0.0113142	0.0158765	
0.0112117	0.0116498	0.0111763	
0.0108761	0.0113142	0.0111763	
0.0108761	0.0113142	0.0114152	
0.0108761	0.0113142	0.0111763	
0.0108761	0.0113142	0.0111763	
0.0108761	0.0113142	0.0111763	
0.0109916	0.0114297	0.0111763	
0.0108761	0.0113142	0.0117075	
0.0108761	0.0113142	0.0111763	
0.0108761	0.0113142	0.0111763	
0.0109628	0.0114009	0.0111763	
0.0108761	0.0113142	0.0115632	
0.0108761	0.0113142	0.0115632	
0.0108761	0.0113142	0.0111763	
0.0108761	0.0113142	0.0261618	
0.0109628	0.0114009	0.0111763	
0.0108761	0.0113142	0.0115632	
0.0108761	0.0113142	0.0424924	
0.0108761	0.0113142	0.0111763	
0.0109628	0.0114009	0.0111763	
0.0108761	0.0113142	0.0539981	
0.0108761	0.0113142	0.0111763	
0.0108761	0.0113142	0.0114152	
0.0108761	0.0113142	0.0111763	
0.0108761	0.0113142	0.0111763	
0.0110703	0.0115084	0.0111763	
0.0108761	0.0113142	0.120264	
0.0108761	0.0113142	0.011621	
0.0108761	0.0113142	0.0115194	
0.0108761	0.0113142	0.0149769	
0.0108761	0.0113142	0.0111763	
0.0108761	0.0113142	0.0111763	
0.0108761	0.0113142	0.0111763	
0.0108761	0.0113142	0.0111763	
0.0108761	0.0113142	0.0113001	
0.0108761	0.0113142	0.0111763	
0.0108761	0.0113142	0.0114704	
0.0108761	0.0113142	0.011197	
app 0 avg time = 0.0109233
app 1 avg time = 0.0113614
app 2 avg time = 0.0158172
avg = 0.0127006
---------process_time_record---------------
1	0	0	
0	0	0	
0	0	0	
0	0	0	
0	0	0	
0	0	0	
1	0	0	
0	0	0	
0	0	0	
0	0	0	
0	0	0	
0	0	0	
0	1	0	
0	0	1	
0	0	0	
0	0	0	
0	0	0	
0	0	0	
0	0	0	
0	0	0	
0	0	0	
0	0	0	
0	0	0	
0	0	0	
0	0	0	
0	0	0	
0	0	0	
1	0	0	
1	0	0	
0	1	0	
0	0	0	
0	1	0	
0	0	0	
0	0	0	
0	0	0	
0	0	0	
1	0	0	
0	0	0	
0	0	0	
0	0	0	
0	0	0	
1	0	0	
0	0	0	
1	0	0	
0	0	1	
0	0	0	
0	1	0	
0	0	0	
0	0	0	
0	0	0	
0	0	0	
0	1	0	
0	0	0	
0	0	0	
0	0	0	
0	0	0	
0	0	0	
0	0	0	
0	0	0	
0	0	0	
0	0	1	
1	0	1	
0	0	0	
0	0	0	
0	0	0	
0	0	0	
0	0	0	
0	0	0	
0	1	0	
0	0	1	
0	0	0	
0	0	0	
0	0	1	
0	0	0	
0	1	0	
0	0	0	
0	1	0	
0	0	0	
0	0	0	
0	0	0	
0	0	0	
0	0	0	
0	0	0	
0	0	0	
0	0	0	
0	0	0	
0	0	0	
0	0	0	
0	0	0	
0	1	0	
0	0	0	
0	1	0	
0	1	0	
0	0	0	
0	0	0	
0	0	0	
0	0	0	
0	0	0	
0	0	0	
0	0	0	
app 0 avg time = 0.08
app 1 avg time = 0.11
app 2 avg time = 0.06
avg = 0.0833333
---------transmission_time_record---------------
0.0208761	0.0209941	0.0211763	
0.0208761	0.0209941	0.0211763	
0.0208761	0.0209941	0.0211763	
0.0208761	0.0209941	0.0211763	
0.0208761	0.0209941	0.0211763	
0.0208761	0.0209941	0.0211763	
0.0208761	0.0209941	0.0211763	
0.0208761	0.0209941	0.0211763	
0.0208761	0.0209941	0.0211763	
0.0208761	0.0209941	0.0211763	
0.0208761	0.0209941	0.0211763	
0.0208761	0.0209941	0.0211763	
0.0208761	0.0209941	0.0211763	
0.0208761	0.0209941	0.0211763	
0.0208761	0.0209941	0.0211763	
0.0208761	0.0209941	0.0211763	
0.0208761	0.0209941	0.0211763	
0.0208761	0.0209941	0.0211763	
0.0208761	0.0209941	0.0211763	
0.0208761	0.0209941	0.0211763	
0.0208761	0.0209941	0.0211763	
0.0208761	0.0209941	0.0211763	
0.0208761	0.0209941	0.0211763	
0.0208761	0.0209941	0.0211763	
0.0208761	0.0209941	0.0211763	
0.0208761	0.0209941	0.0211763	
0.0208761	0.0209941	0.0211763	
0.0208761	0.0209941	0.0211763	
0.0208761	0.0209941	0.0211763	
0.0208761	0.0209941	0.0211763	
0.0208761	0.0209941	0.0211763	
0.0208761	0.0209941	0.0211763	
0.0208761	0.0209941	0.0211763	
0.0208761	0.0209941	0.0211763	
0.0208761	0.0209941	0.0211763	
0.0208761	0.0209941	0.0211763	
0.0208761	0.0209941	0.0211763	
0.0208761	0.0209941	0.0211763	
0.0208761	0.0209941	0.0211763	
0.0208761	0.0209941	0.0211763	
0.0208761	0.0209941	0.0211763	
0.0208761	0.0209941	0.0211763	
0.0208761	0.0209941	0.0211763	
0.0208761	0.0209941	0.0211763	
0.0208761	0.0209941	0.0211763	
0.0208761	0.0209941	0.0211763	
0.0208761	0.0209941	0.0211763	
0.0208761	0.0209941	0.0211763	
0.0208761	0.0209941	0.0211763	
0.0208761	0.0209941	0.0211763	
0.0208761	0.0209941	0.0211763	
0.0208761	0.0209941	0.0211763	
0.0208761	0.0209941	0.0211763	
0.0208761	0.0209941	0.0211763	
0.0208761	0.0209941	0.0211763	
0.0208761	0.0209941	0.0211763	
0.0208761	0.0209941	0.0211763	
0.0208761	0.0209941	0.0211763	
0.0208761	0.0209941	0.0211763	
0.0208761	0.0209941	0.0211763	
0.0208761	0.0209941	0.0211763	
0.0208761	0.0209941	0.0211763	
0.0208761	0.0209941	0.0211763	
0.0208761	0.0209941	0.0211763	
0.0208761	0.0209941	0.0211763	
0.0208761	0.0209941	0.0211763	
0.0208761	0.0209941	0.0211763	
0.0208761	0.0209941	0.0211763	
0.0208761	0.0209941	0.0211763	
0.0208761	0.0209941	0.0211763	
0.0208761	0.0209941	0.0211763	
0.0208761	0.0209941	0.0211763	
0.0208761	0.0209941	0.0211763	
0.0208761	0.0209941	0.0211763	
0.0208761	0.0209941	0.0211763	
0.0208761	0.0209941	0.0211763	
0.0208761	0.0209941	0.0211763	
0.0208761	0.0209941	0.0211763	
0.0208761	0.0209941	0.0211763	
0.0208761	0.0209941	0.0211763	
0.0208761	0.0209941	0.0211763	
0.0208761	0.0209941	0.0211763	
0.0208761	0.0209941	0.0211763	
0.0208761	0.0209941	0.0211763	
0.0208761	0.0209941	0.0211763	
0.0208761	0.0209941	0.0211763	
0.0208761	0.0209941	0.0211763	
0.0208761	0.0209941	0.0211763	
0.0208761	0.0209941	0.0211763	
0.0208761	0.0209941	0.0211763	
0.0208761	0.0209941	0.0211763	
0.0208761	0.0209941	0.0211763	
0.0208761	0.0209941	0.0211763	
0.0208761	0.0209941	0.0211763	
0.0208761	0.0209941	0.0211763	
0.0208761	0.0209941	0.0211763	
0.0208761	0.0209941	0.0211763	
0.0208761	0.0209941	0.0211763	
0.0208761	0.0209941	0.0211763	
0.0208761	0.0209941	0.0211763	
app 0 avg time = 0.0208761
app 1 avg time = 0.0209941
app 2 avg time = 0.0211763
avg = 0.0210155
---------queue_time_record---------------
0.000438072	0.000876144	0.000730913	
0.0007879	0.00122597	0.0515176	
0.000438072	0.000876144	0.0010827	
0.000438072	0.000876144	0.00240076	
0.000648871	0.00108694	0.000588174	
0.000859671	0.00129774	0.000588174	
0.000438072	0.000876144	0.000588174	
0.000438072	0.000876144	0.000855432	
0.000648871	0.00108694	0.000588174	
0.000438072	0.000876144	0.00130998	
0.000438072	0.000876144	0.0262049	
0.000438072	0.000876144	0.000855432	
0.000438072	0.000876144	0.00618119	
0.000438072	0.000876144	0.000588174	
0.000438072	0.000876144	0.000588174	
0.000438072	0.000876144	0.000621665	
0.000438072	0.000876144	0.000588174	
0.000438072	0.000876144	0.000588174	
0.000438072	0.000876144	0.000588174	
0.000438072	0.000876144	0.000588174	
0.000438072	0.000876144	0.000588174	
0.000438072	0.000876144	0.00631516	
0.000438072	0.000876144	0.000588174	
0.000438072	0.000876144	0.000588174	
0.000438072	0.000876144	0.000621665	
0.000438072	0.000876144	0.000588174	
0.000438072	0.000876144	0.00795622	
0.000438072	0.000876144	0.000588174	
0.000438072	0.000876144	0.000588174	
0.000438072	0.000876144	0.000588174	
0.000438072	0.000876144	0.000621665	
0.000438072	0.000876144	0.00641563	
0.000438072	0.000876144	0.000588174	
0.000438072	0.000876144	0.000588174	
0.000438072	0.000876144	0.000653411	
0.000438072	0.000876144	0.000653411	
0.000438072	0.000876144	0.00678571	
0.000438072	0.000876144	0.000588174	
0.000619734	0.00105781	0.000588174	
0.000438072	0.000876144	0.0012517	
0.000438072	0.000876144	0.000995292	
0.000438072	0.000876144	0.0240985	
0.000619734	0.00105781	0.000588174	
0.000801396	0.00123947	0.000588174	
0.000438072	0.000876144	0.00126452	
0.000814216	0.00125229	0.000588174	
0.000438072	0.000876144	0.0391794	
0.000438072	0.000876144	0.00126452	
0.000814216	0.00125229	0.000588174	
0.000814216	0.00125229	0.000588174	
0.00059993	0.001038	0.000588174	
0.000438072	0.000876144	0.0503089	
0.000638049	0.00107612	0.000588174	
0.000438072	0.000876144	0.000863848	
0.000438072	0.000876144	0.000723801	
0.000438072	0.000876144	0.000953712	
0.000438072	0.000876144	0.0282157	
0.000438072	0.000876144	0.000906078	
0.000773676	0.00121175	0.000588174	
0.000503405	0.000941477	0.000588174	
0.000438072	0.000876144	0.000588174	
0.000438072	0.000876144	0.00528837	
0.000773676	0.00121175	0.000588174	
0.000438072	0.000876144	0.000588174	
0.000438072	0.000876144	0.000827022	
0.000438072	0.000876144	0.000588174	
0.000438072	0.000876144	0.000588174	
0.000438072	0.000876144	0.000588174	
0.000553563	0.000991635	0.000588174	
0.000438072	0.000876144	0.00111936	
0.000438072	0.000876144	0.000588174	
0.000438072	0.000876144	0.000588174	
0.000524742	0.000962814	0.000588174	
0.000438072	0.000876144	0.000975049	
0.000438072	0.000876144	0.000975049	
0.000438072	0.000876144	0.000588174	
0.000438072	0.000876144	0.0155736	
0.000524742	0.000962814	0.000588174	
0.000438072	0.000876144	0.000975049	
0.000438072	0.000876144	0.0319042	
0.000438072	0.000876144	0.000588174	
0.000524742	0.000962814	0.000588174	
0.000438072	0.000876144	0.0434099	
0.000438072	0.000876144	0.000588174	
0.000438072	0.000876144	0.000827022	
0.000438072	0.000876144	0.000588174	
0.000438072	0.000876144	0.000588174	
0.000632242	0.00107031	0.000588174	
0.000438072	0.000876144	0.109676	
0.000438072	0.000876144	0.00103282	
0.000438072	0.000876144	0.000931189	
0.000438072	0.000876144	0.00438876	
0.000438072	0.000876144	0.000588174	
0.000438072	0.000876144	0.000588174	
0.000438072	0.000876144	0.000588174	
0.000438072	0.000876144	0.000588174	
0.000438072	0.000876144	0.000711891	
0.000438072	0.000876144	0.000588174	
0.000438072	0.000876144	0.000882231	
0.000438072	0.000876144	0.000699953	
app 0 avg time = 0.000485234
app 1 avg time = 0.000923306
app 2 avg time = 0.0052318
avg = 0.00221345
------------------END-----------------------
H = 2
sim_time = 521
