-----------------input_rate-------------------
1060
1204 1203 1694 4101
1368 1365 1368 4101
760 1420 921 3101
388 386 2327 3101
1132 1134 1135 3401
1136 1132 1133 3401
880 1320 1201 3401
580 580 2241 3401
1212 1279 1210 3701
204 1137 1859 3200
1068 1067 1065 3200
576 1557 1568 3701
1008 1005 1688 3701
892 1683 1126 3701
752 751 2198 3701
1180 1341 1180 3701
544 1184 2272 4000
1332 1332 1336 4000
584 1440 1976 4000
1336 1332 1332 4000
724 1128 2148 4000
1300 1404 1296 4000
744 1048 2208 4000
1260 1480 1260 4000
500 704 1996 3200
1068 1068 1064 3200
504 960 1736 3200
1068 1068 1064 3200
924 1352 924 3200
632 676 1892 3200
1068 1068 1064 3200
764 884 1552 3200
1028 1028 1144 3200
1068 1068 1064 3200
700 860 1640 3200
1068 1068 1064 3200
1100 1100 1101 3301
722 900 1679 3301
1101 1100 1100 3301
833 1064 1804 3701
1233 1232 1236 3701
1235 1234 1232 3701
795 1094 1812 3701
1233 1236 1232 3701
913 1292 1996 4201
1401 1400 1400 4201
1038 1476 1687 4201
1244 1244 1713 4201
1400 1401 1400 4201
844 1339 2018 4201
1400 1400 1401 4201
804 1360 2037 4201
1400 1401 1400 4201
868 1519 914 3301
684 683 1934 3301
1100 1101 1100 3301
896 1509 896 3301
870 1003 2228 4101
1366 1368 1367 4101
636 1432 2033 4101
1365 1368 1368 4101
1211 1280 1610 4101
1016 1016 2069 4101
1352 1352 1397 4101
1181 788 2632 4601
1535 1534 1532 4601
836 493 2372 3701
1232 1233 1236 3701
944 944 1813 3701
1112 794 1795 3701
1000 1001 1000 3001
812 813 1575 3200
884 603 1713 3200
1067 1065 1068 3200
1021 1024 1155 3200
639 416 2145 3200
1233 1236 1232 3701
1128 1128 1445 3701
842 660 2199 3701
1234 1235 1232 3701
968 969 1764 3701
976 836 1889 3701
1234 1232 1235 3701
878 880 1943 3701
1032 944 1725 3701
1332 1336 1332 4000
672 760 2568 4000
1324 1324 1352 4000
1332 1332 1336 4000
648 752 2600 4000
1468 1468 1465 4401
1284 1384 1733 4401
992 991 2518 4501
1500 1501 1500 4501
656 188 2656 3500
1068 1064 1068 3200
1064 1068 1068 3200
996 1212 992 3200
228 817 2256 3301
1100 1101 1100 3301
1100 1101 1100 3301
796 1569 936 3301
464 464 2373 3301
1100 1100 1101 3301
1100 1100 1101 3301
616 1340 1345 3301
688 685 2028 3401
total time = 1064.36
app 0 total events number 1050867, throughput inf
app 1 total events number 1181212, throughput inf
app 2 total events number 1656888, throughput inf
process time = 161199 -- avg = 151.452
total network usage = 414847
431.054
416.494
308.55
367.683
345.638
345.498
346.086
391.724
374.713
352.437
325.169
384.265
395.777
367.462
415.036
372.908
440.875
407.689
427.76
406.259
437.108
404.232
441.352
402.162
361.788
325.169
349.939
326.458
317.242
358.428
325.169
344.273
329.694
325.169
347.621
325.169
335.59
359.387
335.404
397.767
376.205
376.022
399.041
375.836
448.83
426.732
435.868
440.455
426.711
449.001
426.732
449.331
428
324.513
369.243
335.404
324.08
452.036
416.452
439.121
416.638
425.962
446.262
417.606
513.753
467.165
423.788
377.308
399.504
400.507
305.023
345.879
354.15
325.352
328.869
370.038
375.836
385.908
416.15
375.836
397.376
403.318
377.494
404.636
396.224
406.217
455.767
408.336
406.4
456.977
446.878
457.144
499.498
456.927
418.375
325.352
325.31
322.403
379.217
335.569
335.404
324.687
388.33
335.544
335.59
341.444
381.905
network usage average = 38.9487
manager usage = 28.358
------------event number record---------------
1204	1203	1694	
1368	1365	1368	
760	1420	921	
388	386	2327	
1132	1134	1135	
1136	1132	1133	
880	1320	1201	
580	580	2241	
1212	1279	1210	
204	1137	1859	
1068	1067	1065	
576	1557	1568	
1008	1005	1688	
892	1683	1126	
752	751	2198	
1180	1341	1180	
544	1184	2272	
1332	1332	1336	
584	1440	1976	
1336	1332	1332	
724	1128	2148	
1300	1404	1296	
744	1048	2208	
1260	1480	1260	
500	704	1996	
1068	1068	1064	
504	960	1736	
1068	1068	1064	
924	1352	924	
632	676	1892	
1068	1068	1064	
764	884	1552	
1028	1028	1144	
1068	1068	1064	
700	860	1640	
1068	1068	1064	
1100	1100	1101	
722	900	1679	
1101	1100	1100	
833	1064	1804	
1233	1232	1236	
1235	1234	1232	
795	1094	1812	
1233	1236	1232	
913	1292	1996	
1401	1400	1400	
1038	1476	1687	
1244	1244	1713	
1400	1401	1400	
844	1339	2018	
1400	1400	1401	
804	1360	2037	
1400	1401	1400	
868	1519	914	
684	683	1934	
1100	1101	1100	
896	1509	896	
870	1003	2228	
1366	1368	1367	
636	1432	2033	
1365	1368	1368	
1211	1280	1610	
1016	1016	2069	
1352	1352	1397	
1181	788	2632	
1535	1534	1532	
836	493	2372	
1232	1233	1236	
944	944	1813	
1112	794	1795	
1000	1001	1000	
812	813	1575	
884	603	1713	
1067	1065	1068	
1021	1024	1155	
639	416	2145	
1233	1236	1232	
1128	1128	1445	
842	660	2199	
1234	1235	1232	
968	969	1764	
976	836	1889	
1234	1232	1235	
878	880	1943	
1032	944	1725	
1332	1336	1332	
672	760	2568	
1324	1324	1352	
1332	1332	1336	
648	752	2600	
1468	1468	1465	
1284	1384	1733	
992	991	2518	
1500	1501	1500	
656	188	2656	
1068	1064	1068	
1064	1068	1068	
996	1212	992	
228	817	2256	
1100	1101	1100	
1100	1101	1100	
796	1569	936	
464	464	2373	
1100	1100	1101	
1100	1100	1101	
616	1340	1345	
688	685	2028	
app 0 avg time = 990.019
app 1 avg time = 1111.22
app 2 avg time = 1563.91
avg = 1221.72
---------response time---------------
0.0108761	0.0112564	0.0117523	
0.0108761	0.0109941	0.0117523	
0.0109916	0.0109941	0.0118678	
0.0108761	0.011343	0.0117523	
0.0110201	0.0109941	0.0118962	
0.0108761	0.0109941	0.0117523	
0.0110201	0.0109941	0.0118962	
0.0108761	0.0109941	0.0117523	
0.0108761	0.0111773	0.0117523	
0.0110017	0.0109941	0.0118779	
0.0108761	0.0110506	0.0117523	
0.0108761	0.0109941	0.0117523	
0.0108761	0.0112208	0.0117523	
0.0108761	0.0109941	0.0117523	
0.0108761	0.0111773	0.0117523	
0.0108761	0.0109941	0.0117523	
0.0108761	0.0109941	0.0117523	
0.0108761	0.0109941	0.0117523	
0.0108761	0.0109941	0.0117523	
0.0108761	0.0109941	0.0117523	
0.0108761	0.0109941	0.0117523	
0.0108761	0.0109941	0.0117523	
0.0108761	0.0109941	0.0117523	
0.0108761	0.0109941	0.0117523	
0.0108761	0.0109941	0.0117523	
0.0108761	0.0109941	0.0117523	
0.0108761	0.0109941	0.0117523	
0.0108761	0.0109941	0.0117523	
0.0108761	0.0109941	0.0117523	
0.0108761	0.0109941	0.0117523	
0.0108761	0.0109941	0.0117523	
0.0108761	0.0109941	0.0117523	
0.0108761	0.0109941	0.0117523	
0.0108761	0.0109941	0.0117523	
0.0108761	0.0109941	0.0117523	
0.0108761	0.0109941	0.0117523	
0.0110112	0.0109941	0.0118873	
0.0111462	0.0109941	0.0120224	
0.0108761	0.0109941	0.0117523	
0.0108761	0.0109941	0.0117523	
0.0110439	0.0109941	0.0119201	
0.0108761	0.0114476	0.0117523	
0.0109415	0.0109941	0.0118176	
0.0108761	0.0109941	0.0117523	
0.0110761	0.0109941	0.0119523	
0.0112761	0.0109941	0.0121522	
0.0110761	0.0109941	0.0119523	
0.0108761	0.0110358	0.0117523	
0.0108761	0.0112947	0.0117523	
0.0108761	0.0109941	0.0117523	
0.0110761	0.0109941	0.0119523	
0.0108761	0.0109941	0.0117523	
0.0108761	0.011253	0.0117523	
0.0108761	0.0109941	0.0117523	
0.0108761	0.0110791	0.0117523	
0.0108761	0.0109941	0.0117523	
0.0108761	0.0111881	0.0117523	
0.0112645	0.0109941	0.0121406	
0.0110703	0.0109941	0.0119465	
0.0108761	0.0109941	0.0117523	
0.0110703	0.0109941	0.0119465	
0.0108761	0.0109941	0.0117523	
0.0110703	0.0109941	0.0119465	
0.0108761	0.0109941	0.0117523	
0.0111034	0.0109941	0.0119795	
0.0108761	0.0115534	0.0117523	
0.0108761	0.0111773	0.0117523	
0.0108761	0.0109941	0.0117523	
0.0110439	0.0109941	0.0119201	
0.0108761	0.0114476	0.0117523	
0.0108761	0.0109941	0.0117523	
0.0110017	0.0109941	0.0118779	
0.0108761	0.0110506	0.0117523	
0.0108761	0.0109941	0.0117523	
0.0110017	0.0109941	0.0118779	
0.0108761	0.0109941	0.0117523	
0.0108761	0.0109941	0.0117523	
0.0110439	0.0109941	0.0119201	
0.0112117	0.0109941	0.0120879	
0.0108761	0.0111773	0.0117523	
0.0108761	0.0109941	0.0117523	
0.0110439	0.0109941	0.0119201	
0.0112117	0.0109941	0.0120879	
0.0110439	0.0109941	0.0119201	
0.0108761	0.0109941	0.0117523	
0.0108761	0.0109941	0.0117523	
0.0108761	0.0109941	0.0117523	
0.0108761	0.0109941	0.0117523	
0.0108761	0.0109941	0.0117523	
0.0108761	0.0109941	0.0117523	
0.0110869	0.0109941	0.0119631	
0.0108761	0.0109941	0.0117523	
0.0108761	0.0113215	0.0117523	
0.0108761	0.0110993	0.0117523	
0.0108761	0.0109941	0.0117523	
0.0108761	0.0109941	0.0117523	
0.0108761	0.0109941	0.0117523	
0.0108761	0.0109941	0.0117523	
0.0108761	0.0111881	0.0117523	
0.0108761	0.0113821	0.0117523	
0.0108761	0.0110791	0.0117523	
0.0108761	0.0109941	0.0117523	
0.0110112	0.0109941	0.0118873	
0.0108761	0.0109941	0.0117523	
0.0110112	0.0109941	0.0118873	
0.0108761	0.0109941	0.0117523	
0.0108761	0.011197	0.0117523	
app 0 avg time = 0.010927
app 1 avg time = 0.0110439
app 2 avg time = 0.0118031
avg = 0.011258
---------process_time_record---------------
0	0	0	
0	0	0	
1	0	0	
1	0	0	
0	1	0	
0	0	0	
0	0	0	
0	0	0	
0	0	0	
0	0	0	
0	1	0	
0	0	0	
0	0	0	
0	0	0	
0	0	0	
0	0	0	
1	0	0	
0	0	0	
0	0	0	
0	0	0	
0	0	0	
1	0	0	
0	0	0	
0	0	0	
0	0	0	
0	0	0	
0	0	0	
0	0	0	
0	0	0	
0	1	0	
1	0	0	
0	0	0	
0	0	0	
0	0	0	
0	0	0	
0	1	0	
0	0	0	
0	0	1	
0	0	0	
0	0	0	
0	0	0	
0	0	0	
0	0	0	
0	0	0	
0	0	0	
0	0	0	
0	0	0	
0	0	0	
0	0	0	
0	0	0	
0	0	0	
0	0	0	
0	0	0	
0	0	0	
0	0	0	
0	1	0	
0	0	0	
0	1	0	
0	0	0	
1	0	0	
0	0	0	
1	0	0	
0	0	0	
0	0	0	
0	0	0	
0	0	0	
1	0	1	
0	0	0	
0	1	0	
0	0	0	
0	0	0	
0	0	0	
0	0	0	
0	1	0	
0	1	0	
1	0	0	
0	0	0	
0	1	0	
0	0	0	
0	0	0	
0	0	0	
0	0	0	
0	0	0	
0	0	0	
0	0	0	
0	0	0	
0	0	0	
1	0	0	
0	0	0	
1	0	0	
0	0	1	
1	0	0	
0	0	0	
0	0	0	
0	0	0	
0	0	0	
0	0	0	
0	0	0	
0	0	0	
0	0	0	
0	0	0	
0	0	0	
0	0	1	
0	0	0	
0	0	0	
0	1	0	
0	0	0	
app 0 avg time = 0.11215
app 1 avg time = 0.102804
app 2 avg time = 0.0373832
avg = 0.0841121
---------transmission_time_record---------------
0.0208761	0.0209941	0.0211763	
0.0208761	0.0209941	0.0211763	
0.0208761	0.0209941	0.0211763	
0.0208761	0.0209941	0.0211763	
0.0208761	0.0209941	0.0211763	
0.0208761	0.0209941	0.0211763	
0.0208761	0.0209941	0.0211763	
0.0208761	0.0209941	0.0211763	
0.0208761	0.0209941	0.0211763	
0.0208761	0.0209941	0.0211763	
0.0208761	0.0209941	0.0211763	
0.0208761	0.0209941	0.0211763	
0.0208761	0.0209941	0.0211763	
0.0208761	0.0209941	0.0211763	
0.0208761	0.0209941	0.0211763	
0.0208761	0.0209941	0.0211763	
0.0208761	0.0209941	0.0211763	
0.0208761	0.0209941	0.0211763	
0.0208761	0.0209941	0.0211763	
0.0208761	0.0209941	0.0211763	
0.0208761	0.0209941	0.0211763	
0.0208761	0.0209941	0.0211763	
0.0208761	0.0209941	0.0211763	
0.0208761	0.0209941	0.0211763	
0.0208761	0.0209941	0.0211763	
0.0208761	0.0209941	0.0211763	
0.0208761	0.0209941	0.0211763	
0.0208761	0.0209941	0.0211763	
0.0208761	0.0209941	0.0211763	
0.0208761	0.0209941	0.0211763	
0.0208761	0.0209941	0.0211763	
0.0208761	0.0209941	0.0211763	
0.0208761	0.0209941	0.0211763	
0.0208761	0.0209941	0.0211763	
0.0208761	0.0209941	0.0211763	
0.0208761	0.0209941	0.0211763	
0.0208761	0.0209941	0.0211763	
0.0208761	0.0209941	0.0211763	
0.0208761	0.0209941	0.0211763	
0.0208761	0.0209941	0.0211763	
0.0208761	0.0209941	0.0211763	
0.0208761	0.0209941	0.0211763	
0.0208761	0.0209941	0.0211763	
0.0208761	0.0209941	0.0211763	
0.0208761	0.0209941	0.0211763	
0.0208761	0.0209941	0.0211763	
0.0208761	0.0209941	0.0211763	
0.0208761	0.0209941	0.0211763	
0.0208761	0.0209941	0.0211763	
0.0208761	0.0209941	0.0211763	
0.0208761	0.0209941	0.0211763	
0.0208761	0.0209941	0.0211763	
0.0208761	0.0209941	0.0211763	
0.0208761	0.0209941	0.0211763	
0.0208761	0.0209941	0.0211763	
0.0208761	0.0209941	0.0211763	
0.0208761	0.0209941	0.0211763	
0.0208761	0.0209941	0.0211763	
0.0208761	0.0209941	0.0211763	
0.0208761	0.0209941	0.0211763	
0.0208761	0.0209941	0.0211763	
0.0208761	0.0209941	0.0211763	
0.0208761	0.0209941	0.0211763	
0.0208761	0.0209941	0.0211763	
0.0208761	0.0209941	0.0211763	
0.0208761	0.0209941	0.0211763	
0.0208761	0.0209941	0.0211763	
0.0208761	0.0209941	0.0211763	
0.0208761	0.0209941	0.0211763	
0.0208761	0.0209941	0.0211763	
0.0208761	0.0209941	0.0211763	
0.0208761	0.0209941	0.0211763	
0.0208761	0.0209941	0.0211763	
0.0208761	0.0209941	0.0211763	
0.0208761	0.0209941	0.0211763	
0.0208761	0.0209941	0.0211763	
0.0208761	0.0209941	0.0211763	
0.0208761	0.0209941	0.0211763	
0.0208761	0.0209941	0.0211763	
0.0208761	0.0209941	0.0211763	
0.0208761	0.0209941	0.0211763	
0.0208761	0.0209941	0.0211763	
0.0208761	0.0209941	0.0211763	
0.0208761	0.0209941	0.0211763	
0.0208761	0.0209941	0.0211763	
0.0208761	0.0209941	0.0211763	
0.0208761	0.0209941	0.0211763	
0.0208761	0.0209941	0.0211763	
0.0208761	0.0209941	0.0211763	
0.0208761	0.0209941	0.0211763	
0.0208761	0.0209941	0.0211763	
0.0208761	0.0209941	0.0211763	
0.0208761	0.0209941	0.0211763	
0.0208761	0.0209941	0.0211763	
0.0208761	0.0209941	0.0211763	
0.0208761	0.0209941	0.0211763	
0.0208761	0.0209941	0.0211763	
0.0208761	0.0209941	0.0211763	
0.0208761	0.0209941	0.0211763	
0.0208761	0.0209941	0.0211763	
0.0208761	0.0209941	0.0211763	
0.0208761	0.0209941	0.0211763	
0.0208761	0.0209941	0.0211763	
0.0208761	0.0209941	0.0211763	
0.0208761	0.0209941	0.0211763	
0.0208761	0.0209941	0.0211763	
0.0208761	0.0209941	0.0211763	
app 0 avg time = 0.0208761
app 1 avg time = 0.0209941
app 2 avg time = 0.0211763
avg = 0.0210155
---------queue_time_record---------------
0.000438072	0.000759399	0.00131422	
0.000438072	0.000497036	0.00131422	
0.000553563	0.000497036	0.00142971	
0.000438072	0.000845945	0.00131422	
0.000582026	0.000497036	0.00145817	
0.000438072	0.000497036	0.00131422	
0.000582026	0.000497036	0.00145817	
0.000438072	0.000497036	0.00131422	
0.000438072	0.000680296	0.00131422	
0.000563644	0.000497036	0.00143979	
0.000438072	0.000553607	0.00131422	
0.000438072	0.000497036	0.00131422	
0.000438072	0.000723801	0.00131422	
0.000438072	0.000497036	0.00131422	
0.000438072	0.000680296	0.00131422	
0.000438072	0.000497036	0.00131422	
0.000438072	0.000497036	0.00131422	
0.000438072	0.000497036	0.00131422	
0.000438072	0.000497036	0.00131422	
0.000438072	0.000497036	0.00131422	
0.000438072	0.000497036	0.00131422	
0.000438072	0.000497036	0.00131422	
0.000438072	0.000497036	0.00131422	
0.000438072	0.000497036	0.00131422	
0.000438072	0.000497036	0.00131422	
0.000438072	0.000497036	0.00131422	
0.000438072	0.000497036	0.00131422	
0.000438072	0.000497036	0.00131422	
0.000438072	0.000497036	0.00131422	
0.000438072	0.000497036	0.00131422	
0.000438072	0.000497036	0.00131422	
0.000438072	0.000497036	0.00131422	
0.000438072	0.000497036	0.00131422	
0.000438072	0.000497036	0.00131422	
0.000438072	0.000497036	0.00131422	
0.000438072	0.000497036	0.00131422	
0.000573114	0.000497036	0.00144926	
0.000708155	0.000497036	0.0015843	
0.000438072	0.000497036	0.00131422	
0.000438072	0.000497036	0.00131422	
0.000605874	0.000497036	0.00148202	
0.000438072	0.000950566	0.00131422	
0.000503405	0.000497036	0.00137955	
0.000438072	0.000497036	0.00131422	
0.000638049	0.000497036	0.00151419	
0.000838026	0.000497036	0.00171417	
0.000638049	0.000497036	0.00151419	
0.000438072	0.000538726	0.00131422	
0.000438072	0.000797666	0.00131422	
0.000438072	0.000497036	0.00131422	
0.000638049	0.000497036	0.00151419	
0.000438072	0.000497036	0.00131422	
0.000438072	0.000755976	0.00131422	
0.000438072	0.000497036	0.00131422	
0.000438072	0.000582016	0.00131422	
0.000438072	0.000497036	0.00131422	
0.000438072	0.000691041	0.00131422	
0.000826411	0.000497036	0.00170256	
0.000632242	0.000497036	0.00150839	
0.000438072	0.000497036	0.00131422	
0.000632242	0.000497036	0.00150839	
0.000438072	0.000497036	0.00131422	
0.000632242	0.000497036	0.00150839	
0.000438072	0.000497036	0.00131422	
0.000665332	0.000497036	0.00154148	
0.000438072	0.00105632	0.00131422	
0.000438072	0.000680296	0.00131422	
0.000438072	0.000497036	0.00131422	
0.000605874	0.000497036	0.00148202	
0.000438072	0.000950566	0.00131422	
0.000438072	0.000497036	0.00131422	
0.000563644	0.000497036	0.00143979	
0.000438072	0.000553607	0.00131422	
0.000438072	0.000497036	0.00131422	
0.000563644	0.000497036	0.00143979	
0.000438072	0.000497036	0.00131422	
0.000438072	0.000497036	0.00131422	
0.000605874	0.000497036	0.00148202	
0.000773676	0.000497036	0.00164982	
0.000438072	0.000680296	0.00131422	
0.000438072	0.000497036	0.00131422	
0.000605874	0.000497036	0.00148202	
0.000773676	0.000497036	0.00164982	
0.000605874	0.000497036	0.00148202	
0.000438072	0.000497036	0.00131422	
0.000438072	0.000497036	0.00131422	
0.000438072	0.000497036	0.00131422	
0.000438072	0.000497036	0.00131422	
0.000438072	0.000497036	0.00131422	
0.000438072	0.000497036	0.00131422	
0.000648871	0.000497036	0.00152502	
0.000438072	0.000497036	0.00131422	
0.000438072	0.00082444	0.00131422	
0.000438072	0.000602218	0.00131422	
0.000438072	0.000497036	0.00131422	
0.000438072	0.000497036	0.00131422	
0.000438072	0.000497036	0.00131422	
0.000438072	0.000497036	0.00131422	
0.000438072	0.000691041	0.00131422	
0.000438072	0.000885046	0.00131422	
0.000438072	0.000582016	0.00131422	
0.000438072	0.000497036	0.00131422	
0.000573114	0.000497036	0.00144926	
0.000438072	0.000497036	0.00131422	
0.000573114	0.000497036	0.00144926	
0.000438072	0.000497036	0.00131422	
0.000438072	0.000699953	0.00131422	
app 0 avg time = 0.00048891
app 1 avg time = 0.00054688
app 2 avg time = 0.00136505
avg = 0.000800281
------------------END-----------------------
H = 2
sim_time = 1060
