-----------------input_rate-------------------
1085
1032 1033 1036 3101
1101 1100 1100 3301
1101 1100 1100 3301
314 972 2415 3701
1236 1232 1233 3701
1232 1236 1233 3701
808 1244 1649 3701
855 852 1994 3701
937 1940 1024 3901
644 644 2212 3500
1136 1133 1132 3401
248 1231 1922 3401
1135 1132 1134 3401
585 1376 1040 3001
592 592 1817 3001
1000 1000 1001 3001
340 1140 1521 3001
984 984 1532 3500
924 1655 921 3500
660 785 2055 3500
1200 1200 1200 3600
595 992 2013 3600
1200 1200 1200 3600
576 984 2040 3600
1200 1200 1200 3600
561 987 2052 3600
1200 1200 1200 3600
740 1197 1663 3600
1099 1096 1405 3600
949 1424 1227 3600
875 872 1853 3600
1200 1200 1200 3600
860 980 1760 3600
1200 1200 1200 3600
833 996 1771 3600
1200 1200 1200 3600
1200 1200 1200 3600
823 1000 1777 3600
1200 1200 1200 3600
800 1028 1772 3600
1200 1200 1200 3600
1200 1200 1200 3600
761 1063 1776 3600
1200 1200 1200 3600
748 1129 1723 3600
1164 1164 1272 3600
1200 1200 1200 3600
683 1116 1801 3600
1233 1236 1232 3701
996 1492 1213 3701
916 914 1871 3701
1232 1234 1235 3701
568 1128 1804 3500
1200 1200 1200 3600
1300 1300 1301 3901
653 1300 1948 3901
1301 1300 1300 3901
826 1576 1499 3901
1008 1004 1689 3701
1232 1236 1233 3701
500 1300 1901 3701
1235 1232 1234 3701
1233 1236 1232 3701
728 793 2180 3701
1232 1235 1234 3701
648 648 2405 3701
1452 1060 1189 3701
1233 1232 1236 3701
936 592 2472 4000
1335 1333 1332 4000
772 775 2453 4000
1348 1029 1223 3600
1200 1200 1200 3600
761 483 2356 3600
1200 1200 1200 3600
1200 1200 1200 3600
727 508 2365 3600
1034 1032 1035 3101
1034 1035 1032 3101
460 393 2248 3101
1109 996 996 3101
1035 1034 1032 3101
832 834 1735 3401
912 772 1717 3401
1133 1132 1136 3401
1043 1044 1314 3401
667 580 2154 3401
1133 1136 1132 3401
1236 1324 1240 3800
628 624 2548 3800
1264 1268 1268 3800
1108 1212 1480 3800
740 740 2320 3800
1268 1268 1264 3800
1048 1148 1604 3800
792 792 2216 3800
1268 1268 1264 3800
580 580 2640 3800
1444 972 1384 3800
1264 1268 1268 3800
928 1736 1136 3800
660 660 2480 3800
1268 1268 1264 3800
1268 1264 1268 3800
324 1100 2376 3800
1268 1268 1264 3800
1033 1032 1036 3101
683 1408 1010 3101
452 452 2197 3101
total time = 1089.6
app 0 total events number 1050867, throughput inf
app 1 total events number 1181212, throughput inf
app 2 total events number 1656888, throughput inf
process time = 28577 -- avg = 26.2271
total network usage = 1.00027e+006
790.206
838.859
838.767
1135.98
941.633
940.009
1016.06
1052.02
984.261
1044.46
864.005
1013.23
864.422
795.559
884.356
763.027
866.755
942.905
878.233
1025.55
914.562
1047.77
914.562
1051.88
916.229
1054.14
914.562
998.058
944.807
936.178
1010.61
914.562
1000.92
914.562
1005.43
914.562
914.562
1005.6
914.562
1008.03
914.562
914.562
1009.36
914.562
1005.94
925.138
914.562
1017.86
939.823
955.537
1033.95
940.23
1001.98
914.562
992.605
1108.09
990.687
1045.42
1006.95
941.676
1065.51
940.382
939.823
1081.54
941.646
1112.26
920.255
940.531
1171.35
1017.34
1180.07
907.391
914.562
1074.78
916.229
914.562
1077.96
788.59
787.974
965.914
778.911
787.952
952.403
945.145
866.238
890.48
1011.38
863.862
964.29
1154.95
965.534
1000.09
1119.92
964.81
1019.83
1104.65
964.81
1166.93
966.321
967.201
973.597
1143.43
964.81
965.261
1156.13
964.989
788.611
809.275
959.16
network usage average = 96.8702
manager usage = 36.6742
------------event number record---------------
1032	1033	1036	
1101	1100	1100	
1101	1100	1100	
314	972	2415	
1236	1232	1233	
1232	1236	1233	
808	1244	1649	
855	852	1994	
937	1940	1024	
644	644	2212	
1136	1133	1132	
248	1231	1922	
1135	1132	1134	
585	1376	1040	
592	592	1817	
1000	1000	1001	
340	1140	1521	
984	984	1532	
924	1655	921	
660	785	2055	
1200	1200	1200	
595	992	2013	
1200	1200	1200	
576	984	2040	
1200	1200	1200	
561	987	2052	
1200	1200	1200	
740	1197	1663	
1099	1096	1405	
949	1424	1227	
875	872	1853	
1200	1200	1200	
860	980	1760	
1200	1200	1200	
833	996	1771	
1200	1200	1200	
1200	1200	1200	
823	1000	1777	
1200	1200	1200	
800	1028	1772	
1200	1200	1200	
1200	1200	1200	
761	1063	1776	
1200	1200	1200	
748	1129	1723	
1164	1164	1272	
1200	1200	1200	
683	1116	1801	
1233	1236	1232	
996	1492	1213	
916	914	1871	
1232	1234	1235	
568	1128	1804	
1200	1200	1200	
1300	1300	1301	
653	1300	1948	
1301	1300	1300	
826	1576	1499	
1008	1004	1689	
1232	1236	1233	
500	1300	1901	
1235	1232	1234	
1233	1236	1232	
728	793	2180	
1232	1235	1234	
648	648	2405	
1452	1060	1189	
1233	1232	1236	
936	592	2472	
1335	1333	1332	
772	775	2453	
1348	1029	1223	
1200	1200	1200	
761	483	2356	
1200	1200	1200	
1200	1200	1200	
727	508	2365	
1034	1032	1035	
1034	1035	1032	
460	393	2248	
1109	996	996	
1035	1034	1032	
832	834	1735	
912	772	1717	
1133	1132	1136	
1043	1044	1314	
667	580	2154	
1133	1136	1132	
1236	1324	1240	
628	624	2548	
1264	1268	1268	
1108	1212	1480	
740	740	2320	
1268	1268	1264	
1048	1148	1604	
792	792	2216	
1268	1268	1264	
580	580	2640	
1444	972	1384	
1264	1268	1268	
928	1736	1136	
660	660	2480	
1268	1268	1264	
1268	1264	1268	
324	1100	2376	
1268	1268	1264	
1033	1032	1036	
683	1408	1010	
452	452	2197	
app 0 avg time = 969.284
app 1 avg time = 1088.3
app 2 avg time = 1528.17
avg = 1195.25
---------response time---------------
0.0218756	0.0219719	0.023882	
0.0222162	0.0217862	0.0236963	
0.0219132	0.0214832	0.0236271	
0.0219232	0.176071	0.177508	
0.0220819	0.0212047	0.0236271	
0.0218756	0.0216599	0.0241305	
0.0221935	0.121492	0.122929	
0.0223521	0.0339622	0.0358722	
0.0218756	0.103146	0.104583	
0.0218756	0.0415515	0.0434615	
0.0218756	0.0215807	0.0237711	
0.0221696	0.101996	0.103433	
0.0222806	0.0212604	0.0236271	
0.0218756	0.0336127	0.0350495	
0.0218756	0.0214707	0.0239413	
0.0221304	0.0211564	0.0236271	
0.0218756	0.0520497	0.0534864	
0.0218923	0.0217605	0.0239508	
0.0218756	0.0526675	0.0551382	
0.0218923	0.0217605	0.0239508	
0.0219082	0.0218002	0.0239905	
0.0223296	0.0235928	0.0255029	
0.0223296	0.0214074	0.0236271	
0.0223296	0.0682299	0.0696667	
0.0223296	0.0214074	0.0236271	
0.0218756	0.1428	0.144236	
0.0218756	0.0213167	0.0237874	
0.0219082	0.119851	0.121288	
0.0223296	0.0214074	0.0236271	
0.0219082	0.0682357	0.0696724	
0.0223296	0.0214074	0.0236271	
0.0223296	0.0214074	0.0236271	
0.0223296	0.0214074	0.0236271	
0.0223296	0.0214074	0.0236271	
0.0219082	0.102589	0.104026	
0.0219082	0.0218002	0.0239905	
0.0219082	0.0218002	0.0239905	
0.0223296	0.0214074	0.0236271	
0.0223296	0.0214074	0.0236271	
0.0223296	0.0814815	0.0829182	
0.0223296	0.0214074	0.0236271	
0.0223296	0.0214074	0.0236271	
0.0218756	0.0213167	0.0237874	
0.0218756	0.0213167	0.0237874	
0.0219082	0.120226	0.121662	
0.0219082	0.0218002	0.0239905	
0.0219082	0.0218002	0.0239905	
0.0223296	0.0278104	0.0297205	
0.0218756	0.0214921	0.0239627	
0.0218756	0.0697748	0.0712115	
0.0218756	0.0213825	0.0236271	
0.0219232	0.0218377	0.024028	
0.0218923	0.116189	0.117626	
0.0219082	0.0218002	0.0239905	
0.0218756	0.022369	0.024279	
0.0222628	0.100468	0.102378	
0.0220064	0.0218561	0.0237662	
0.0219509	0.144937	0.146374	
0.0220819	0.0212047	0.0236271	
0.0218756	0.0216599	0.0241305	
0.0221935	0.184884	0.186321	
0.0223521	0.021475	0.0236271	
0.0218756	0.0214921	0.0239627	
0.0218756	0.035852	0.0374817	
0.0221935	0.0213896	0.0238602	
0.0219232	0.177977	0.179413	
0.0218756	0.0214921	0.0239627	
0.022249	0.0220155	0.0239256	
0.0222693	0.0510289	0.0524656	
0.0219129	0.0218758	0.0238152	
0.0218756	0.205156	0.206593	
0.0218756	0.021597	0.0237874	
0.0218756	0.021597	0.0237874	
0.0222415	0.0659512	0.067388	
0.0222415	0.021963	0.023873	
0.0222415	0.021963	0.023873	
0.0218756	0.0216373	0.024108	
0.0218756	0.0213268	0.0236271	
0.0218756	0.0212719	0.0237426	
0.0218756	0.0678328	0.0692695	
0.0221967	0.0216493	0.0236271	
0.0218756	0.0212297	0.0236271	
0.0218756	0.0802815	0.0817183	
0.0218756	0.0214444	0.023915	
0.0222251	0.0218486	0.0237586	
0.0221696	0.0389933	0.04043	
0.0222806	0.0212604	0.0236271	
0.0218756	0.0214444	0.023915	
0.0218756	0.0280833	0.0299934	
0.0221103	0.0728851	0.0747952	
0.0218756	0.0223285	0.0242385	
0.0218756	0.0648528	0.0662895	
0.0218756	0.0614607	0.0633708	
0.0218756	0.0215063	0.0239769	
0.0218756	0.0818765	0.0833133	
0.0218756	0.0558856	0.0577957	
0.0218756	0.0215063	0.0239769	
0.0218756	0.219766	0.221203	
0.0221103	0.0212758	0.0236271	
0.0218756	0.0223285	0.0242385	
0.0218756	0.0951427	0.0965795	
0.0218756	0.123059	0.124969	
0.0218756	0.0215063	0.0239769	
0.0221103	0.0212758	0.0236271	
0.0218756	0.195278	0.196715	
0.0218756	0.0215063	0.0239769	
0.0221967	0.0216493	0.0236271	
0.0221412	0.0375122	0.0389489	
0.0218756	0.0215761	0.0237665	
app 0 avg time = 0.0220236
app 1 avg time = 0.048551
app 2 avg time = 0.0505386
avg = 0.0403711
---------process_time_record---------------
0	0	1	
0	0	0	
0	0	0	
0	0	0	
0	0	0	
0	0	0	
0	0	0	
0	0	0	
0	0	0	
0	0	0	
0	0	0	
0	1	0	
0	0	0	
0	0	0	
0	0	0	
0	0	0	
0	0	0	
0	0	0	
0	0	0	
0	0	0	
0	0	0	
0	0	0	
0	0	0	
0	0	0	
0	0	0	
0	0	0	
0	0	0	
0	0	0	
1	0	0	
0	0	0	
0	0	0	
0	0	0	
0	0	0	
0	0	0	
0	0	0	
0	0	0	
0	0	0	
0	0	0	
0	0	0	
0	0	0	
0	0	0	
0	0	0	
0	0	0	
0	0	0	
0	0	0	
0	0	0	
0	0	0	
0	0	0	
0	0	0	
0	0	1	
0	0	0	
0	0	0	
0	0	0	
0	0	0	
0	0	0	
0	0	0	
0	0	0	
0	0	0	
0	0	0	
0	0	0	
0	0	0	
0	0	0	
0	0	0	
0	0	0	
0	0	0	
0	0	0	
0	0	0	
0	0	0	
0	0	0	
0	0	0	
0	0	0	
0	0	0	
0	0	0	
0	0	0	
0	0	0	
0	0	0	
0	0	0	
0	0	0	
0	0	0	
0	0	0	
0	0	0	
0	0	0	
0	0	0	
0	0	0	
0	0	0	
0	0	0	
0	0	0	
0	0	1	
0	0	0	
1	0	0	
0	0	0	
0	0	0	
0	0	0	
0	0	0	
0	0	0	
0	0	0	
0	1	0	
0	0	0	
0	0	0	
0	0	0	
0	0	0	
0	0	0	
0	0	0	
0	0	0	
0	0	0	
0	0	0	
0	0	0	
0	0	0	
0	1	0	
app 0 avg time = 0.0183486
app 1 avg time = 0.0275229
app 2 avg time = 0.0275229
avg = 0.0244648
---------transmission_time_record---------------
0.0318756	0.0318748	0.0318748	
0.0318756	0.0318748	0.0318748	
0.0318756	0.0318748	0.0318748	
0.0318756	0.0318748	0.0318748	
0.0318756	0.0318748	0.0318748	
0.0318756	0.0318748	0.0318748	
0.0318756	0.0318748	0.0318748	
0.0318756	0.0318748	0.0318748	
0.0318756	0.0318748	0.0318748	
0.0318756	0.0318748	0.0318748	
0.0318756	0.0318748	0.0318748	
0.0318756	0.0318748	0.0318748	
0.0318756	0.0318748	0.0318748	
0.0318756	0.0318748	0.0318748	
0.0318756	0.0318748	0.0318748	
0.0318756	0.0318748	0.0318748	
0.0318756	0.0318748	0.0318748	
0.0318756	0.0318748	0.0318748	
0.0318756	0.0318748	0.0318748	
0.0318756	0.0318748	0.0318748	
0.0318756	0.0318748	0.0318748	
0.0318756	0.0318748	0.0318748	
0.0318756	0.0318748	0.0318748	
0.0318756	0.0318748	0.0318748	
0.0318756	0.0318748	0.0318748	
0.0318756	0.0318748	0.0318748	
0.0318756	0.0318748	0.0318748	
0.0318756	0.0318748	0.0318748	
0.0318756	0.0318748	0.0318748	
0.0318756	0.0318748	0.0318748	
0.0318756	0.0318748	0.0318748	
0.0318756	0.0318748	0.0318748	
0.0318756	0.0318748	0.0318748	
0.0318756	0.0318748	0.0318748	
0.0318756	0.0318748	0.0318748	
0.0318756	0.0318748	0.0318748	
0.0318756	0.0318748	0.0318748	
0.0318756	0.0318748	0.0318748	
0.0318756	0.0318748	0.0318748	
0.0318756	0.0318748	0.0318748	
0.0318756	0.0318748	0.0318748	
0.0318756	0.0318748	0.0318748	
0.0318756	0.0318748	0.0318748	
0.0318756	0.0318748	0.0318748	
0.0318756	0.0318748	0.0318748	
0.0318756	0.0318748	0.0318748	
0.0318756	0.0318748	0.0318748	
0.0318756	0.0318748	0.0318748	
0.0318756	0.0318748	0.0318748	
0.0318756	0.0318748	0.0318748	
0.0318756	0.0318748	0.0318748	
0.0318756	0.0318748	0.0318748	
0.0318756	0.0318748	0.0318748	
0.0318756	0.0318748	0.0318748	
0.0318756	0.0318748	0.0318748	
0.0318756	0.0318748	0.0318748	
0.0318756	0.0318748	0.0318748	
0.0318756	0.0318748	0.0318748	
0.0318756	0.0318748	0.0318748	
0.0318756	0.0318748	0.0318748	
0.0318756	0.0318748	0.0318748	
0.0318756	0.0318748	0.0318748	
0.0318756	0.0318748	0.0318748	
0.0318756	0.0318748	0.0318748	
0.0318756	0.0318748	0.0318748	
0.0318756	0.0318748	0.0318748	
0.0318756	0.0318748	0.0318748	
0.0318756	0.0318748	0.0318748	
0.0318756	0.0318748	0.0318748	
0.0318756	0.0318748	0.0318748	
0.0318756	0.0318748	0.0318748	
0.0318756	0.0318748	0.0318748	
0.0318756	0.0318748	0.0318748	
0.0318756	0.0318748	0.0318748	
0.0318756	0.0318748	0.0318748	
0.0318756	0.0318748	0.0318748	
0.0318756	0.0318748	0.0318748	
0.0318756	0.0318748	0.0318748	
0.0318756	0.0318748	0.0318748	
0.0318756	0.0318748	0.0318748	
0.0318756	0.0318748	0.0318748	
0.0318756	0.0318748	0.0318748	
0.0318756	0.0318748	0.0318748	
0.0318756	0.0318748	0.0318748	
0.0318756	0.0318748	0.0318748	
0.0318756	0.0318748	0.0318748	
0.0318756	0.0318748	0.0318748	
0.0318756	0.0318748	0.0318748	
0.0318756	0.0318748	0.0318748	
0.0318756	0.0318748	0.0318748	
0.0318756	0.0318748	0.0318748	
0.0318756	0.0318748	0.0318748	
0.0318756	0.0318748	0.0318748	
0.0318756	0.0318748	0.0318748	
0.0318756	0.0318748	0.0318748	
0.0318756	0.0318748	0.0318748	
0.0318756	0.0318748	0.0318748	
0.0318756	0.0318748	0.0318748	
0.0318756	0.0318748	0.0318748	
0.0318756	0.0318748	0.0318748	
0.0318756	0.0318748	0.0318748	
0.0318756	0.0318748	0.0318748	
0.0318756	0.0318748	0.0318748	
0.0318756	0.0318748	0.0318748	
0.0318756	0.0318748	0.0318748	
0.0318756	0.0318748	0.0318748	
0.0318756	0.0318748	0.0318748	
0.0318756	0.0318748	0.0318748	
0.0318756	0.0318748	0.0318748	
app 0 avg time = 0.0318756
app 1 avg time = 0.0318748
app 2 avg time = 0.0318748
avg = 0.0318751
---------queue_time_record---------------
0.000643693	0.00113102	0.00272554	
0.000984356	0.000945292	0.00253981	
0.000681325	0.000876144	0.00247066	
0.000691327	0.154914	0.156351	
0.000849998	0.000876144	0.00247066	
0.000643693	0.00137955	0.00297407	
0.000961597	0.100336	0.101772	
0.00112027	0.0131213	0.0147158	
0.000643693	0.0819896	0.0834263	
0.000643693	0.0207106	0.0223051	
0.000643693	0.0010201	0.00261462	
0.00093775	0.0808397	0.0822765	
0.00104873	0.000876144	0.00247066	
0.000643693	0.0124563	0.013893	
0.000643693	0.00119036	0.00278488	
0.000898534	0.000876144	0.00247066	
0.000643693	0.0308932	0.03233	
0.000660439	0.00119986	0.00279438	
0.000643693	0.0323872	0.0339817	
0.000660439	0.00119986	0.00279438	
0.000676312	0.00123954	0.00283406	
0.00109775	0.0027519	0.00434642	
0.00109775	0.000876144	0.00247066	
0.00109775	0.0470735	0.0485102	
0.00109775	0.000876144	0.00247066	
0.000643693	0.121643	0.12308	
0.000643693	0.00103644	0.00263096	
0.000676312	0.0986948	0.100132	
0.00109775	0.000876144	0.00247066	
0.000676312	0.0470792	0.048516	
0.00109775	0.000876144	0.00247066	
0.00109775	0.000876144	0.00247066	
0.00109775	0.000876144	0.00247066	
0.00109775	0.000876144	0.00247066	
0.000676312	0.081433	0.0828697	
0.000676312	0.00123954	0.00283406	
0.000676312	0.00123954	0.00283406	
0.00109775	0.000876144	0.00247066	
0.00109775	0.000876144	0.00247066	
0.00109775	0.060325	0.0617618	
0.00109775	0.000876144	0.00247066	
0.00109775	0.000876144	0.00247066	
0.000643693	0.00103644	0.00263096	
0.000643693	0.00103644	0.00263096	
0.000676312	0.0990691	0.100506	
0.000676312	0.00123954	0.00283406	
0.000676312	0.00123954	0.00283406	
0.00109775	0.00696951	0.00856402	
0.000643693	0.00121175	0.00280627	
0.000643693	0.0486183	0.0500551	
0.000643693	0.000876144	0.00247066	
0.000691327	0.00127708	0.0028716	
0.000660439	0.0950323	0.0964691	
0.000676312	0.00123954	0.00283406	
0.000643693	0.00152804	0.00312256	
0.00103098	0.0796274	0.0812219	
0.000774566	0.00101522	0.00260974	
0.000719047	0.123781	0.125217	
0.000849998	0.000876144	0.00247066	
0.000643693	0.00137955	0.00297407	
0.000961597	0.163728	0.165164	
0.00112027	0.000876144	0.00247066	
0.000643693	0.00121175	0.00280627	
0.000643693	0.0147308	0.0163253	
0.000961597	0.00110928	0.0027038	
0.000691327	0.15682	0.158257	
0.000643693	0.00121175	0.00280627	
0.00101712	0.00117461	0.00276913	
0.00103739	0.0298724	0.0313092	
0.000681079	0.00106422	0.00265874	
0.000643693	0.184	0.185436	
0.000643693	0.00103644	0.00263096	
0.000643693	0.00103644	0.00263096	
0.00100961	0.0447948	0.0462315	
0.00100961	0.00112206	0.00271658	
0.00100961	0.00112206	0.00271658	
0.000643693	0.00135703	0.00295155	
0.000643693	0.000876144	0.00247066	
0.000643693	0.000991635	0.00258615	
0.000643693	0.0466763	0.0481131	
0.000964805	0.000876144	0.00247066	
0.000643693	0.000876144	0.00247066	
0.000643693	0.0591251	0.0605618	
0.000643693	0.00116405	0.00275857	
0.000993268	0.00100768	0.0026022	
0.00093775	0.0178368	0.0192736	
0.00104873	0.000876144	0.00247066	
0.000643693	0.00116405	0.00275857	
0.000643693	0.00724242	0.00883693	
0.000878448	0.0520442	0.0536387	
0.000643693	0.00148756	0.00308208	
0.000643693	0.0436963	0.0451331	
0.000643693	0.0406198	0.0422143	
0.000643693	0.00122597	0.00282049	
0.000643693	0.0607201	0.0621568	
0.000643693	0.0350447	0.0366393	
0.000643693	0.00122597	0.00282049	
0.000643693	0.198609	0.200046	
0.000878448	0.000876144	0.00247066	
0.000643693	0.00148756	0.00308208	
0.000643693	0.0739863	0.075423	
0.000643693	0.102218	0.103813	
0.000643693	0.00122597	0.00282049	
0.000878448	0.000876144	0.00247066	
0.000643693	0.174122	0.175559	
0.000643693	0.00122597	0.00282049	
0.000964805	0.000876144	0.00247066	
0.000909287	0.0163557	0.0177925	
0.000643693	0.00101553	0.00261005	
app 0 avg time = 0.000791751
app 1 avg time = 0.027831
app 2 avg time = 0.0293821
avg = 0.019335
------------------END-----------------------
H = 2
sim_time = 1085
