-----------------input_rate-------------------
869
884 882 1734 3500
724 1225 1551 3500
725 1215 1560 3500
755 1149 1596 3500
746 1145 1609 3500
856 1286 1358 3500
970 1170 1360 3500
986 1013 1501 3500
864 1040 1596 3500
814 1027 1560 3401
854 1080 1467 3401
846 1082 1473 3401
963 1024 1414 3401
1133 1134 1134 3401
952 1030 1419 3401
944 1034 1423 3401
934 1048 1419 3401
1076 1228 1097 3401
972 970 1459 3401
890 1080 1431 3401
874 1093 1434 3401
1134 1133 1134 3401
856 1104 1441 3401
834 1114 1453 3401
1034 1034 1033 3101
710 1034 1357 3101
682 1057 1362 3101
1167 1167 1166 3500
800 1200 1500 3500
913 947 1640 3500
990 981 1930 3901
1416 1228 1557 4201
1044 874 1483 3401
928 768 1705 3401
930 930 1541 3401
1118 979 1304 3401
830 720 1650 3200
1038 1037 1125 3200
847 758 1595 3200
805 735 1660 3200
1200 1200 1200 3600
788 745 1667 3200
944 990 1266 3200
855 854 1491 3200
724 776 1700 3200
1067 1066 1067 3200
720 771 1709 3200
982 981 1237 3200
895 662 1643 3200
923 1328 949 3200
839 838 1823 3500
773 1160 1567 3500
total time = 873.992
app 0 total events number 577270, throughput inf
app 1 total events number 649210, throughput inf
app 2 total events number 909181, throughput inf
process time = 65415 -- avg = 74.8462
total network usage = 231013
143.215
128.201
128.861
132.667
132.821
112.196
112.361
124.076
132.667
128.861
121.106
121.766
116.816
94.5535
117.146
117.641
117.146
90.7469
121.283
118.301
118.466
93.7168
118.961
120.953
85.3021
112.196
112.526
96.3567
124.748
135.46
159.385
128.531
122.591
141.577
127.376
107.741
136.285
92.8919
132.667
137.11
99.1616
137.605
104.606
124.088
140.41
88.107
141.235
102.132
136.627
78.3723
150.64
129.356
network usage average = 7.19173
manager usage = 8.36693
------------event number record---------------
884	882	1734	
724	1225	1551	
725	1215	1560	
755	1149	1596	
746	1145	1609	
856	1286	1358	
970	1170	1360	
986	1013	1501	
864	1040	1596	
814	1027	1560	
854	1080	1467	
846	1082	1473	
963	1024	1414	
1133	1134	1134	
952	1030	1419	
944	1034	1423	
934	1048	1419	
1076	1228	1097	
972	970	1459	
890	1080	1431	
874	1093	1434	
1134	1133	1134	
856	1104	1441	
834	1114	1453	
1034	1034	1033	
710	1034	1357	
682	1057	1362	
1167	1167	1166	
800	1200	1500	
913	947	1640	
990	981	1930	
1416	1228	1557	
1044	874	1483	
928	768	1705	
930	930	1541	
1118	979	1304	
830	720	1650	
1038	1037	1125	
847	758	1595	
805	735	1660	
1200	1200	1200	
788	745	1667	
944	990	1266	
855	854	1491	
724	776	1700	
1067	1066	1067	
720	771	1709	
982	981	1237	
895	662	1643	
923	1328	949	
839	838	1823	
773	1160	1567	
app 0 avg time = 914.385
app 1 avg time = 1021.65
app 2 avg time = 1452.88
avg = 1129.64
---------response time---------------
0	0	0.010497	
0	0	0.010497	
0	0	0.010497	
0	0	0.010497	
0	0	0.010497	
0	0	0.010497	
0	0	0.010497	
0	0	0.010497	
0	0	0.010497	
0	0	0.010497	
0	0	0.010497	
0	0	0.010497	
0	0	0.010497	
0	0	0.010497	
0	0	0.010497	
0	0	0.0107	
0	0	0.010497	
0	0	0.0107	
0	0	0.010497	
0	0	0.0107	
0	0	0.010497	
0	0	0.0107	
0	0	0.010497	
0	0	0.0107	
0	0	0.010497	
0	0	0.010497	
0	0	0.010497	
0	0	0.010497	
0	0	0.010497	
0	0	0.010497	
0	0	0.010497	
0	0	0.0139365	
0	0	0.010497	
0	0	0.010497	
0	0	0.0107	
0	0	0.010497	
0	0	0.010497	
0	0	0.010497	
0	0	0.010497	
0	0	0.010497	
0	0	0.010497	
0	0	0.010497	
0	0	0.010497	
0	0	0.010497	
0	0	0.010497	
0	0	0.010497	
0	0	0.010497	
0	0	0.010497	
0	0	0.010497	
0	0	0.010497	
0	0	0.010497	
0	0	0.010497	
app 0 avg time = 0
app 1 avg time = 0
app 2 avg time = 0.0105866
avg = 0.00352886
---------process_time_record---------------
0	0	0	
0	0	0	
0	0	0	
0	0	0	
0	0	0	
0	0	0	
0	0	0	
0	0	0	
0	0	0	
0	1	0	
0	0	0	
0	0	0	
0	0	0	
0	0	0	
0	0	0	
0	0	0	
0	0	0	
0	0	1	
0	0	0	
0	0	0	
0	0	0	
0	0	0	
0	0	0	
0	0	0	
0	0	1	
0	0	0	
0	0	0	
0	0	0	
0	0	0	
0	0	0	
0	0	0	
0	0	0	
0	0	0	
0	0	0	
0	0	0	
1	0	0	
0	0	1	
0	0	0	
0	0	0	
0	0	0	
0	0	0	
0	0	0	
0	0	0	
0	0	0	
0	0	0	
0	0	0	
0	1	0	
0	0	0	
0	0	0	
0	0	0	
0	0	0	
0	0	0	
app 0 avg time = 0.0192308
app 1 avg time = 0.0384615
app 2 avg time = 0.0576923
avg = 0.0384615
---------transmission_time_record---------------
0	0	0.0209941	
0	0	0.0209941	
0	0	0.0209941	
0	0	0.0209941	
0	0	0.0209941	
0	0	0.0209941	
0	0	0.0209941	
0	0	0.0209941	
0	0	0.0209941	
0	0	0.0209941	
0	0	0.0209941	
0	0	0.0209941	
0	0	0.0209941	
0	0	0.0209941	
0	0	0.0209941	
0	0	0.0209941	
0	0	0.0209941	
0	0	0.0209941	
0	0	0.0209941	
0	0	0.0209941	
0	0	0.0209941	
0	0	0.0209941	
0	0	0.0209941	
0	0	0.0209941	
0	0	0.0209941	
0	0	0.0209941	
0	0	0.0209941	
0	0	0.0209941	
0	0	0.0209941	
0	0	0.0209941	
0	0	0.0209941	
0	0	0.0209941	
0	0	0.0209941	
0	0	0.0209941	
0	0	0.0209941	
0	0	0.0209941	
0	0	0.0209941	
0	0	0.0209941	
0	0	0.0209941	
0	0	0.0209941	
0	0	0.0209941	
0	0	0.0209941	
0	0	0.0209941	
0	0	0.0209941	
0	0	0.0209941	
0	0	0.0209941	
0	0	0.0209941	
0	0	0.0209941	
0	0	0.0209941	
0	0	0.0209941	
0	0	0.0209941	
0	0	0.0209941	
app 0 avg time = 0
app 1 avg time = 0
app 2 avg time = 0.0209941
avg = 0.00699802
---------queue_time_record---------------
0	0	0	
0	0	0	
0	0	0	
0	0	0	
0	0	0	
0	0	0	
0	0	0	
0	0	0	
0	0	0	
0	0	0	
0	0	0	
0	0	0	
0	0	0	
0	0	0	
0	0	0	
0	0	0.000202918	
0	0	0	
0	0	0.000202918	
0	0	0	
0	0	0.000202918	
0	0	0	
0	0	0.000202918	
0	0	0	
0	0	0.000202918	
0	0	0	
0	0	0	
0	0	0	
0	0	0	
0	0	0	
0	0	0	
0	0	0	
0	0	0.00343944	
0	0	0	
0	0	0	
0	0	0.000202918	
0	0	0	
0	0	0	
0	0	0	
0	0	0	
0	0	0	
0	0	0	
0	0	0	
0	0	0	
0	0	0	
0	0	0	
0	0	0	
0	0	0	
0	0	0	
0	0	0	
0	0	0	
0	0	0	
0	0	0	
app 0 avg time = 0
app 1 avg time = 0
app 2 avg time = 8.95566e-005
avg = 2.98522e-005
------------------END-----------------------
H = 2
sim_time = 869
