-----------------input_rate-------------------
1304
1136 1133 1132 3401
1080 1241 1080 3401
347 622 2332 3301
1101 1100 1100 3301
344 1348 1609 3301
1137 1136 1527 3800
711 1692 1397 3800
940 937 1923 3800
960 1751 1190 3901
816 816 2269 3901
1116 1672 1113 3901
644 885 2372 3901
1264 1272 1264 3800
286 1135 1680 3101
1034 1035 1032 3101
620 1021 1460 3101
840 840 1421 3101
1034 1032 1035 3101
410 819 1872 3101
1032 1033 1036 3101
660 1084 1357 3101
770 768 1563 3101
1034 1035 1032 3101
504 961 1735 3200
1068 1067 1065 3200
688 1161 1351 3200
868 868 1464 3200
1068 1067 1065 3200
727 845 1628 3200
1065 1068 1067 3200
1068 1067 1065 3200
700 861 1639 3200
1068 1067 1065 3200
932 1113 1155 3200
823 820 1557 3200
1133 1136 1132 3401
733 960 1708 3401
1367 1368 1366 4101
1140 1440 1521 4101
956 955 1589 3500
1167 1165 1168 3500
680 1060 1760 3500
1165 1168 1167 3500
1100 1100 1101 3301
816 1252 1932 4000
1332 1332 1336 4000
780 1272 1948 4000
1365 1368 1368 4101
1175 1736 1190 4101
960 960 2181 4101
1136 1132 1133 3401
568 1220 1613 3401
1050 1048 1303 3401
1134 1135 1132 3401
532 1281 1888 3701
1233 1232 1236 3701
1235 1234 1232 3701
500 1301 1900 3701
1232 1233 1236 3701
1212 1280 1409 3901
884 882 2135 3901
1300 1301 1300 3901
932 541 2428 3901
1300 1300 1301 3901
800 800 2301 3901
1404 1059 1438 3901
1300 1301 1300 3901
888 569 2444 3901
1300 1301 1300 3901
912 914 2075 3901
1252 968 1681 3901
1300 1301 1300 3901
826 607 2468 3901
1301 1300 1300 3901
1133 1136 1132 3401
668 488 2344 3500
1168 1168 1164 3500
1268 1264 1268 3800
744 604 2452 3800
1264 1268 1268 3800
1180 1180 1440 3800
796 712 2292 3800
1268 1264 1268 3800
972 1064 1764 3800
888 888 2024 3800
1268 1268 1264 3800
844 948 2008 3800
1004 1004 1792 3800
1268 1264 1268 3800
784 888 2128 3800
1056 1056 1688 3800
1268 1264 1268 3800
692 320 2788 3800
1128 1036 1036 3200
1136 1133 1132 3401
996 1309 996 3301
259 754 2288 3301
1101 1100 1100 3301
1100 1101 1100 3301
764 1539 998 3301
496 495 2310 3301
1100 1101 1100 3301
1100 1100 1101 3301
584 1308 1409 3301
684 684 1933 3301
total time = 1308.45
app 0 total events number 866690, throughput inf
app 1 total events number 974334, throughput inf
app 2 total events number 1366108, throughput inf
process time = 97338 -- avg = 74.3916
total network usage = 361876
398.311
394.976
368.411
386.345
351.083
442.953
414.029
439.809
432.432
448.956
440.472
442.189
444.439
331.766
362.899
347.2
361.606
363.456
343.683
362.994
347.38
360.829
362.899
355.092
374.865
357.517
373.049
374.865
366.758
374.379
374.865
366.517
374.865
368.181
371.24
397.894
388.283
479.55
469.075
406.628
409.79
394.616
409.374
386.51
449.744
467.979
449.261
479.945
463.305
473.465
398.311
375.423
397.171
397.894
404.524
433.401
434.473
402.799
432.984
453.517
450.298
457.733
460.047
456.475
448.852
466.266
457.733
457.829
456.521
450.254
462.522
457.898
454.652
456.335
397.894
406.353
411.093
444.785
440.031
444.534
443.348
440.889
444.785
437.989
438.897
444.69
437.15
440.665
444.785
434.838
441.458
446.183
444.755
377.803
398.311
377.525
363.235
386.345
386.51
362.884
377.301
387.743
386.485
361.401
380.002
network usage average = 33.1759
manager usage = 29.3528
------------event number record---------------
1136	1133	1132	
1080	1241	1080	
347	622	2332	
1101	1100	1100	
344	1348	1609	
1137	1136	1527	
711	1692	1397	
940	937	1923	
960	1751	1190	
816	816	2269	
1116	1672	1113	
644	885	2372	
1264	1272	1264	
286	1135	1680	
1034	1035	1032	
620	1021	1460	
840	840	1421	
1034	1032	1035	
410	819	1872	
1032	1033	1036	
660	1084	1357	
770	768	1563	
1034	1035	1032	
504	961	1735	
1068	1067	1065	
688	1161	1351	
868	868	1464	
1068	1067	1065	
727	845	1628	
1065	1068	1067	
1068	1067	1065	
700	861	1639	
1068	1067	1065	
932	1113	1155	
823	820	1557	
1133	1136	1132	
733	960	1708	
1367	1368	1366	
1140	1440	1521	
956	955	1589	
1167	1165	1168	
680	1060	1760	
1165	1168	1167	
1100	1100	1101	
816	1252	1932	
1332	1332	1336	
780	1272	1948	
1365	1368	1368	
1175	1736	1190	
960	960	2181	
1136	1132	1133	
568	1220	1613	
1050	1048	1303	
1134	1135	1132	
532	1281	1888	
1233	1232	1236	
1235	1234	1232	
500	1301	1900	
1232	1233	1236	
1212	1280	1409	
884	882	2135	
1300	1301	1300	
932	541	2428	
1300	1300	1301	
800	800	2301	
1404	1059	1438	
1300	1301	1300	
888	569	2444	
1300	1301	1300	
912	914	2075	
1252	968	1681	
1300	1301	1300	
826	607	2468	
1301	1300	1300	
1133	1136	1132	
668	488	2344	
1168	1168	1164	
1268	1264	1268	
744	604	2452	
1264	1268	1268	
1180	1180	1440	
796	712	2292	
1268	1264	1268	
972	1064	1764	
888	888	2024	
1268	1268	1264	
844	948	2008	
1004	1004	1792	
1268	1264	1268	
784	888	2128	
1056	1056	1688	
1268	1264	1268	
692	320	2788	
1128	1036	1036	
1136	1133	1132	
996	1309	996	
259	754	2288	
1101	1100	1100	
1100	1101	1100	
764	1539	998	
496	495	2310	
1100	1101	1100	
1100	1100	1101	
584	1308	1409	
684	684	1933	
app 0 avg time = 964.533
app 1 avg time = 1081.83
app 2 avg time = 1524.71
avg = 1190.36
---------response time---------------
0.0211564	0.0113142	0.011197	
0.0213004	0.0114582	0.0111763	
0.0211564	0.0113142	0.0111763	
0.0211564	0.0113142	0.0111763	
0.0211564	0.0113142	0.0114615	
0.0216117	0.0114891	0.0111763	
0.0211564	0.0113142	0.0327806	
0.0211564	0.0113142	0.0112279	
0.0211564	0.0113142	0.0204302	
0.0211564	0.0113142	0.0115835	
0.0211564	0.0113142	0.0111763	
0.0211564	0.0113142	0.0112347	
0.0211564	0.0113142	0.0112279	
0.0213874	0.0115452	0.0111763	
0.0211564	0.0113142	0.0111763	
0.0211564	0.0113142	0.0111763	
0.0211564	0.0113142	0.0114419	
0.0213874	0.0115452	0.0111763	
0.0211564	0.0113142	0.0111763	
0.0211564	0.0113142	0.0111763	
0.0211564	0.0113142	0.0114419	
0.0213874	0.0115452	0.0111763	
0.0211564	0.0113142	0.0111763	
0.0211564	0.0113142	0.0114152	
0.0211564	0.0113142	0.0111763	
0.0211564	0.0113142	0.0114152	
0.0211564	0.0113142	0.0114152	
0.0211564	0.0113142	0.0111763	
0.0211564	0.0113142	0.0111763	
0.0211564	0.0113142	0.0114152	
0.0211564	0.0113142	0.0111763	
0.0211564	0.0113142	0.0114152	
0.0211564	0.0113142	0.0111763	
0.0211564	0.0113142	0.0114152	
0.0211564	0.0113142	0.0111763	
0.0211564	0.0113142	0.0111763	
0.0215807	0.0114582	0.0111763	
0.0211564	0.0113142	0.0118649	
0.0211564	0.0113142	0.0306911	
0.0211564	0.0113142	0.0111763	
0.0211754	0.0113332	0.0111763	
0.0211754	0.0113332	0.0111763	
0.0211564	0.0113142	0.0114956	
0.0211564	0.0113142	0.0111881	
0.0211564	0.0113142	0.0111763	
0.0211564	0.0113142	0.0113527	
0.0211564	0.0113142	0.0127841	
0.0216309	0.0115084	0.0111763	
0.0211564	0.0113142	0.0126678	
0.0211564	0.0113142	0.011621	
0.0211564	0.0113142	0.0111763	
0.0211564	0.0113142	0.0114704	
0.0214444	0.0116021	0.0111763	
0.0211564	0.0113142	0.0111763	
0.0211564	0.0113142	0.0248699	
0.0216046	0.011482	0.0111763	
0.0213242	0.011482	0.0111763	
0.0211564	0.0113142	0.0111763	
0.0211564	0.0113142	0.0112716	
0.0211564	0.0113142	0.0190435	
0.0213381	0.0114959	0.0111763	
0.0211564	0.0113142	0.0111763	
0.0211564	0.0113142	0.0111763	
0.0211564	0.0113142	0.0115081	
0.0211564	0.0113142	0.0683551	
0.0211564	0.0113142	0.0111763	
0.0211564	0.0113142	0.0111763	
0.0211564	0.0113142	0.0112347	
0.0213381	0.0114959	0.0111763	
0.0211564	0.0113142	0.0552886	
0.0211564	0.0113142	0.0111763	
0.0211564	0.0113142	0.0112347	
0.0215198	0.0116775	0.0111763	
0.0212634	0.0114211	0.0111763	
0.0211564	0.0113142	0.0111763	
0.0211564	0.0113142	0.0112098	
0.0211564	0.0113142	0.0111763	
0.0211564	0.0113142	0.0111763	
0.0211564	0.0113142	0.0111763	
0.0211564	0.0113142	0.0113001	
0.0211564	0.0113142	0.0193417	
0.0211564	0.0113142	0.0111763	
0.0211564	0.0113142	0.0111763	
0.0211564	0.0113142	0.0356723	
0.0211564	0.0113142	0.0113001	
0.0211564	0.0113142	0.0111763	
0.0211564	0.0113142	0.0471779	
0.0211564	0.0113142	0.0111763	
0.0211564	0.0113142	0.0111763	
0.0211564	0.0113142	0.0527452	
0.0211564	0.0113142	0.0111763	
0.0211564	0.0113142	0.0111763	
0.0211564	0.0113142	0.0111763	
0.0211564	0.0113142	0.0111786	
0.0211564	0.0113142	0.011197	
0.0212915	0.0114493	0.0111763	
0.0211564	0.0113142	0.0111763	
0.0211564	0.0113142	0.0111763	
0.0211564	0.0113142	0.0111881	
0.0211564	0.0113142	0.0117466	
0.0211564	0.0113142	0.0111763	
0.0211564	0.0113142	0.0111763	
0.0211564	0.0113142	0.0114615	
0.0211564	0.0113142	0.0117466	
0.0211564	0.0113142	0.0114436	
app 0 avg time = 0.0211955
app 1 avg time = 0.0113426
app 2 avg time = 0.0139752
avg = 0.0155044
---------process_time_record---------------
0	0	0	
0	0	0	
0	0	0	
0	0	0	
0	1	0	
0	0	0	
0	0	0	
0	0	0	
1	0	0	
0	0	0	
0	0	0	
0	0	0	
0	0	0	
0	0	0	
0	0	0	
0	0	0	
0	0	0	
0	0	0	
0	0	0	
0	0	0	
0	0	0	
0	1	0	
0	1	0	
1	0	0	
0	0	0	
0	0	0	
0	0	0	
0	0	0	
0	0	0	
1	0	0	
0	0	0	
0	0	0	
0	0	0	
0	0	0	
0	0	0	
0	0	0	
0	0	0	
0	0	0	
0	0	0	
0	0	0	
0	0	0	
0	0	0	
0	0	0	
0	0	0	
0	0	0	
0	0	0	
0	0	0	
0	0	0	
0	0	0	
0	0	1	
0	0	0	
0	0	0	
0	0	0	
0	0	0	
0	0	0	
0	0	0	
0	1	0	
0	0	0	
0	0	0	
0	0	0	
0	0	0	
0	0	0	
1	0	0	
0	0	0	
0	0	0	
0	0	0	
0	0	0	
0	0	0	
0	0	0	
0	1	0	
0	0	0	
0	0	0	
0	0	0	
0	0	0	
0	0	0	
0	1	0	
0	0	0	
0	0	0	
0	0	0	
0	0	1	
0	0	0	
0	0	0	
0	0	0	
0	0	0	
0	0	0	
0	0	0	
0	0	0	
0	0	0	
0	0	0	
0	0	0	
0	0	0	
0	0	0	
0	0	0	
0	0	0	
0	0	0	
0	0	0	
0	0	0	
0	0	0	
0	0	0	
0	1	0	
0	0	0	
0	0	0	
0	0	0	
0	1	0	
1	0	0	
app 0 avg time = 0.047619
app 1 avg time = 0.0761905
app 2 avg time = 0.0190476
avg = 0.047619
---------transmission_time_record---------------
0.0318748	0.0209941	0.0211763	
0.0318748	0.0209941	0.0211763	
0.0318748	0.0209941	0.0211763	
0.0318748	0.0209941	0.0211763	
0.0318748	0.0209941	0.0211763	
0.0318748	0.0209941	0.0211763	
0.0318748	0.0209941	0.0211763	
0.0318748	0.0209941	0.0211763	
0.0318748	0.0209941	0.0211763	
0.0318748	0.0209941	0.0211763	
0.0318748	0.0209941	0.0211763	
0.0318748	0.0209941	0.0211763	
0.0318748	0.0209941	0.0211763	
0.0318748	0.0209941	0.0211763	
0.0318748	0.0209941	0.0211763	
0.0318748	0.0209941	0.0211763	
0.0318748	0.0209941	0.0211763	
0.0318748	0.0209941	0.0211763	
0.0318748	0.0209941	0.0211763	
0.0318748	0.0209941	0.0211763	
0.0318748	0.0209941	0.0211763	
0.0318748	0.0209941	0.0211763	
0.0318748	0.0209941	0.0211763	
0.0318748	0.0209941	0.0211763	
0.0318748	0.0209941	0.0211763	
0.0318748	0.0209941	0.0211763	
0.0318748	0.0209941	0.0211763	
0.0318748	0.0209941	0.0211763	
0.0318748	0.0209941	0.0211763	
0.0318748	0.0209941	0.0211763	
0.0318748	0.0209941	0.0211763	
0.0318748	0.0209941	0.0211763	
0.0318748	0.0209941	0.0211763	
0.0318748	0.0209941	0.0211763	
0.0318748	0.0209941	0.0211763	
0.0318748	0.0209941	0.0211763	
0.0318748	0.0209941	0.0211763	
0.0318748	0.0209941	0.0211763	
0.0318748	0.0209941	0.0211763	
0.0318748	0.0209941	0.0211763	
0.0318748	0.0209941	0.0211763	
0.0318748	0.0209941	0.0211763	
0.0318748	0.0209941	0.0211763	
0.0318748	0.0209941	0.0211763	
0.0318748	0.0209941	0.0211763	
0.0318748	0.0209941	0.0211763	
0.0318748	0.0209941	0.0211763	
0.0318748	0.0209941	0.0211763	
0.0318748	0.0209941	0.0211763	
0.0318748	0.0209941	0.0211763	
0.0318748	0.0209941	0.0211763	
0.0318748	0.0209941	0.0211763	
0.0318748	0.0209941	0.0211763	
0.0318748	0.0209941	0.0211763	
0.0318748	0.0209941	0.0211763	
0.0318748	0.0209941	0.0211763	
0.0318748	0.0209941	0.0211763	
0.0318748	0.0209941	0.0211763	
0.0318748	0.0209941	0.0211763	
0.0318748	0.0209941	0.0211763	
0.0318748	0.0209941	0.0211763	
0.0318748	0.0209941	0.0211763	
0.0318748	0.0209941	0.0211763	
0.0318748	0.0209941	0.0211763	
0.0318748	0.0209941	0.0211763	
0.0318748	0.0209941	0.0211763	
0.0318748	0.0209941	0.0211763	
0.0318748	0.0209941	0.0211763	
0.0318748	0.0209941	0.0211763	
0.0318748	0.0209941	0.0211763	
0.0318748	0.0209941	0.0211763	
0.0318748	0.0209941	0.0211763	
0.0318748	0.0209941	0.0211763	
0.0318748	0.0209941	0.0211763	
0.0318748	0.0209941	0.0211763	
0.0318748	0.0209941	0.0211763	
0.0318748	0.0209941	0.0211763	
0.0318748	0.0209941	0.0211763	
0.0318748	0.0209941	0.0211763	
0.0318748	0.0209941	0.0211763	
0.0318748	0.0209941	0.0211763	
0.0318748	0.0209941	0.0211763	
0.0318748	0.0209941	0.0211763	
0.0318748	0.0209941	0.0211763	
0.0318748	0.0209941	0.0211763	
0.0318748	0.0209941	0.0211763	
0.0318748	0.0209941	0.0211763	
0.0318748	0.0209941	0.0211763	
0.0318748	0.0209941	0.0211763	
0.0318748	0.0209941	0.0211763	
0.0318748	0.0209941	0.0211763	
0.0318748	0.0209941	0.0211763	
0.0318748	0.0209941	0.0211763	
0.0318748	0.0209941	0.0211763	
0.0318748	0.0209941	0.0211763	
0.0318748	0.0209941	0.0211763	
0.0318748	0.0209941	0.0211763	
0.0318748	0.0209941	0.0211763	
0.0318748	0.0209941	0.0211763	
0.0318748	0.0209941	0.0211763	
0.0318748	0.0209941	0.0211763	
0.0318748	0.0209941	0.0211763	
0.0318748	0.0209941	0.0211763	
0.0318748	0.0209941	0.0211763	
0.0318748	0.0209941	0.0211763	
app 0 avg time = 0.0318748
app 1 avg time = 0.0209941
app 2 avg time = 0.0211763
avg = 0.0246817
---------queue_time_record---------------
0.000438072	0.000876144	0.000699953	
0.000582026	0.0010201	0.000588174	
0.000438072	0.000876144	0.000588174	
0.000438072	0.000876144	0.000588174	
0.000438072	0.000876144	0.000873318	
0.000612986	0.00105106	0.000588174	
0.000438072	0.000876144	0.0221925	
0.000438072	0.000876144	0.000730913	
0.000438072	0.000876144	0.00984202	
0.000438072	0.000876144	0.000995292	
0.000438072	0.000876144	0.000588174	
0.000438072	0.000876144	0.000737661	
0.000438072	0.000876144	0.000730913	
0.000669055	0.00110713	0.000588174	
0.000438072	0.000876144	0.000588174	
0.000438072	0.000876144	0.00067149	
0.000438072	0.000876144	0.000853768	
0.000669055	0.00110713	0.000588174	
0.000438072	0.000876144	0.000588174	
0.000438072	0.000876144	0.00067149	
0.000438072	0.000876144	0.000853768	
0.000669055	0.00110713	0.000588174	
0.000438072	0.000876144	0.000588174	
0.000438072	0.000876144	0.000827022	
0.000438072	0.000876144	0.000588174	
0.000438072	0.000876144	0.000827022	
0.000438072	0.000876144	0.000827022	
0.000438072	0.000876144	0.000588174	
0.000438072	0.000876144	0.000588174	
0.000438072	0.000876144	0.000827022	
0.000438072	0.000876144	0.000588174	
0.000438072	0.000876144	0.000827022	
0.000438072	0.000876144	0.000588174	
0.000438072	0.000876144	0.000827022	
0.000438072	0.000876144	0.000588174	
0.000438072	0.000876144	0.000588174	
0.000582026	0.0010201	0.000588174	
0.000438072	0.000876144	0.00127672	
0.000438072	0.000876144	0.020103	
0.000438072	0.000876144	0.000588174	
0.000457073	0.000895145	0.000588174	
0.000457073	0.000895145	0.000588174	
0.000438072	0.000876144	0.00090738	
0.000438072	0.000876144	0.000691041	
0.000438072	0.000876144	0.000588174	
0.000438072	0.000876144	0.000764522	
0.000438072	0.000876144	0.00219597	
0.000632242	0.00107031	0.000588174	
0.000438072	0.000876144	0.00207967	
0.000438072	0.000876144	0.00103282	
0.000438072	0.000876144	0.000588174	
0.000438072	0.000876144	0.000882231	
0.000725981	0.00116405	0.000588174	
0.000438072	0.000876144	0.000588174	
0.000438072	0.000876144	0.0142817	
0.000605874	0.00104395	0.000588174	
0.000605874	0.00104395	0.000588174	
0.000438072	0.000876144	0.000588174	
0.000438072	0.000876144	0.000723801	
0.000438072	0.000876144	0.0084553	
0.000619734	0.00105781	0.000588174	
0.000438072	0.000876144	0.000588174	
0.000438072	0.000876144	0.000588174	
0.000438072	0.000876144	0.000919938	
0.000438072	0.000876144	0.0577669	
0.000438072	0.000876144	0.000588174	
0.000438072	0.000876144	0.000588174	
0.000438072	0.000876144	0.000737661	
0.000619734	0.00105781	0.000588174	
0.000438072	0.000876144	0.0447004	
0.000438072	0.000876144	0.000588174	
0.000438072	0.000876144	0.000737661	
0.000801396	0.00123947	0.000588174	
0.000544985	0.000983057	0.000588174	
0.000438072	0.000876144	0.000588174	
0.000438072	0.000876144	0.000708357	
0.000438072	0.000876144	0.000588174	
0.000438072	0.000876144	0.000588174	
0.000438072	0.000876144	0.000588174	
0.000438072	0.000876144	0.000730913	
0.000438072	0.000876144	0.00875348	
0.000438072	0.000876144	0.000588174	
0.000438072	0.000876144	0.000588174	
0.000438072	0.000876144	0.0250841	
0.000438072	0.000876144	0.000730913	
0.000438072	0.000876144	0.000588174	
0.000438072	0.000876144	0.0365897	
0.000438072	0.000876144	0.000588174	
0.000438072	0.000876144	0.000588174	
0.000438072	0.000876144	0.042157	
0.000438072	0.000876144	0.000588174	
0.000438072	0.000876144	0.000588174	
0.000438072	0.000876144	0.000588174	
0.000438072	0.000876144	0.000681571	
0.000438072	0.000876144	0.000699953	
0.000573114	0.00101119	0.000588174	
0.000438072	0.000876144	0.000588174	
0.000438072	0.000876144	0.000588174	
0.000438072	0.000876144	0.000691041	
0.000438072	0.000876144	0.00115846	
0.000438072	0.000876144	0.000588174	
0.000438072	0.000876144	0.000588174	
0.000438072	0.000876144	0.000873318	
0.000438072	0.000876144	0.00115846	
0.000438072	0.000876144	0.000855432	
app 0 avg time = 0.000466454
app 1 avg time = 0.000904526
app 2 avg time = 0.00339888
avg = 0.00158995
------------------END-----------------------
H = 2
sim_time = 1304
