-----------------input_rate-------------------
109
0 0 0 0
200 200 200 600
200 200 200 600
1100 1101 1100 3301
1300 1301 1300 3901
1300 1301 1300 3901
316 2029 1255 3600
1635 1632 1633 4900
745 1752 2403 4900
1100 1100 1101 3301
217 1196 1888 3301
1101 1100 1100 3301
698 1488 1115 3301
812 812 2077 3701
1120 1465 1116 3701
506 959 2236 3701
1001 1000 1000 3001
401 1260 1340 3001
849 848 1304 3001
1001 1000 1000 3001
394 795 1812 3001
1000 1001 1000 3001
668 1076 1257 3001
708 708 1585 3001
1000 1000 1001 3001
364 784 1853 3001
1000 1001 1000 3001
948 1105 948 3001
491 790 1720 3001
1001 1000 1000 3001
556 1032 1413 3001
868 866 1267 3001
1000 1001 1000 3001
660 781 1560 3001
1000 1000 1001 3001
1100 1100 1101 3301
736 895 1670 3301
1368 1365 1368 4101
988 1169 1944 4101
1300 1301 1300 3901
1064 1294 1543 3901
1136 1136 1629 3901
1300 1300 1301 3901
862 1160 1879 3901
1101 1100 1100 3301
817 1200 1284 3301
896 896 1509 3301
1100 1100 1101 3301
636 1072 1593 3301
1048 1044 1209 3301
1100 1101 1100 3301
576 1075 1750 3401
1135 1132 1134 3401
1133 1136 1132 3401
736 1292 1972 4000
1332 1336 1332 4000
900 1548 1552 4000
1120 1116 1764 4000
1332 1336 1332 4000
400 1145 1756 3301
1100 1101 1100 3301
1100 1101 1100 3301
368 1165 1768 3301
1100 1101 1100 3301
1100 1101 1100 3301
592 662 2047 3301
1100 1100 1101 3301
1184 1184 2233 4601
1116 724 1561 3401
1334 1332 1334 4000
936 592 2472 4000
1266 1268 1266 3800
1076 1076 1648 3800
1044 728 2028 3800
1268 1266 1266 3800
698 614 2488 3800
1398 1202 1200 3800
1266 1266 1268 3800
794 574 2432 3800
1200 1200 1200 3600
1200 1200 1200 3600
702 522 2376 3600
1200 1200 1200 3600
1170 1172 1258 3600
708 566 2326 3600
1200 1200 1200 3600
1180 1182 1238 3600
660 576 2364 3600
1200 1200 1200 3600
1176 1250 1174 3600
688 700 2612 4000
1332 1334 1334 4000
980 1084 1936 4000
768 768 1765 3301
1000 1000 1001 3001
1001 1000 1000 3001
643 741 2616 4000
1532 1535 1534 4601
752 752 3097 4601
1439 968 1093 3500
1165 1168 1167 3500
1032 1439 1029 3500
356 757 2387 3500
1335 1332 1333 4000
1333 1335 1332 4000
392 1165 2443 4000
1335 1332 1333 4000
1333 1335 1332 4000
420 1145 2435 4000
total time = 113.72
app 0 total events number 103664, throughput inf
app 1 total events number 117264, throughput inf
app 2 total events number 161441, throughput inf
process time = 11823 -- avg = 103.966
total network usage = 47126.5
0.533704
76.6669
74.953
406.044
479.112
479.742
492.229
601.631
631.881
405.793
436.095
406.162
428.458
456.392
464.703
469.861
369.752
394.27
369.653
368.887
382.687
369.566
381.275
370.002
369.052
383.348
369.836
373.274
378.961
368.887
384.119
370.068
369.073
373.408
369.052
406.073
412.324
503.494
510.302
479.112
486.746
480.437
479.277
488.869
405.814
417.614
407.106
405.628
419.273
405.885
406.635
433.712
418.088
417.988
508.57
492.061
510.947
492.067
491.471
428.695
406.218
406.348
429.797
406.044
405.628
410.006
406.327
566.342
407.417
491.385
484.231
467.372
467.593
459.231
467.003
467.257
461.749
466.752
462.878
442.37
442.96
439.858
442.37
442.456
440.635
442.96
442.836
442.178
442.37
444.646
494.737
491.754
495.501
407.062
369.052
369.663
497.334
564.703
567.992
416.57
430.665
442.291
443.795
491.406
491.471
516.108
491.94
491.471
514.123
network usage average = 432.353
manager usage = 25.847
------------event number record---------------
0	0	0	
200	200	200	
200	200	200	
1100	1101	1100	
1300	1301	1300	
1300	1301	1300	
316	2029	1255	
1635	1632	1633	
745	1752	2403	
1100	1100	1101	
217	1196	1888	
1101	1100	1100	
698	1488	1115	
812	812	2077	
1120	1465	1116	
506	959	2236	
1001	1000	1000	
401	1260	1340	
849	848	1304	
1001	1000	1000	
394	795	1812	
1000	1001	1000	
668	1076	1257	
708	708	1585	
1000	1000	1001	
364	784	1853	
1000	1001	1000	
948	1105	948	
491	790	1720	
1001	1000	1000	
556	1032	1413	
868	866	1267	
1000	1001	1000	
660	781	1560	
1000	1000	1001	
1100	1100	1101	
736	895	1670	
1368	1365	1368	
988	1169	1944	
1300	1301	1300	
1064	1294	1543	
1136	1136	1629	
1300	1300	1301	
862	1160	1879	
1101	1100	1100	
817	1200	1284	
896	896	1509	
1100	1100	1101	
636	1072	1593	
1048	1044	1209	
1100	1101	1100	
576	1075	1750	
1135	1132	1134	
1133	1136	1132	
736	1292	1972	
1332	1336	1332	
900	1548	1552	
1120	1116	1764	
1332	1336	1332	
400	1145	1756	
1100	1101	1100	
1100	1101	1100	
368	1165	1768	
1100	1101	1100	
1100	1101	1100	
592	662	2047	
1100	1100	1101	
1184	1184	2233	
1116	724	1561	
1334	1332	1334	
936	592	2472	
1266	1268	1266	
1076	1076	1648	
1044	728	2028	
1268	1266	1266	
698	614	2488	
1398	1202	1200	
1266	1266	1268	
794	574	2432	
1200	1200	1200	
1200	1200	1200	
702	522	2376	
1200	1200	1200	
1170	1172	1258	
708	566	2326	
1200	1200	1200	
1180	1182	1238	
660	576	2364	
1200	1200	1200	
1176	1250	1174	
688	700	2612	
1332	1334	1334	
980	1084	1936	
768	768	1765	
1000	1000	1001	
1001	1000	1000	
643	741	2616	
1532	1535	1534	
752	752	3097	
1439	968	1093	
1165	1168	1167	
1032	1439	1029	
356	757	2387	
1335	1332	1333	
1333	1335	1332	
392	1165	2443	
1335	1332	1333	
1333	1335	1332	
420	1145	2435	
app 0 avg time = 942.642
app 1 avg time = 1067.41
app 2 avg time = 1472.17
avg = 1160.74
---------response time---------------
0	0	0	
0.0108761	0.0220326	0.0114911	
0.0108761	0.0220326	0.0114911	
0.0110112	0.0221676	0.0114911	
0.0108761	0.0220326	0.0114911	
0.0110578	0.0222143	0.0114911	
0.0108761	0.0220326	0.0723272	
0.01114	0.0222965	0.0115536	
0.0108761	0.0220326	0.139888	
0.0108761	0.0220326	0.0118791	
0.0110112	0.0221676	0.0745606	
0.0108761	0.0220326	0.0114911	
0.0108761	0.0220326	0.0406996	
0.0108761	0.0220326	0.0119446	
0.0110439	0.0222004	0.0114911	
0.0108761	0.0220326	0.0114911	
0.0109809	0.0221373	0.0114911	
0.0108761	0.0220326	0.0487375	
0.0109809	0.0221373	0.0114911	
0.0108761	0.0220326	0.0114911	
0.0109809	0.0221373	0.0114911	
0.0108761	0.0220326	0.0114911	
0.0108761	0.0220326	0.0350171	
0.0108761	0.0220326	0.0114911	
0.0108761	0.0220326	0.0116548	
0.0108761	0.0220326	0.0291923	
0.0109809	0.0221373	0.0114911	
0.0108761	0.0220326	0.0114911	
0.0109809	0.0221373	0.0114911	
0.0108761	0.0220326	0.0114911	
0.0108761	0.0220326	0.0455879	
0.0108761	0.0220326	0.0114911	
0.0109809	0.0221373	0.0114911	
0.0108761	0.0220326	0.0114911	
0.0108761	0.0220326	0.0116548	
0.0108761	0.0220326	0.0114911	
0.0110112	0.0221676	0.0114911	
0.0108761	0.0220326	0.0114911	
0.0110703	0.0222268	0.0550261	
0.0108761	0.0220326	0.0114911	
0.0108761	0.0220326	0.0671221	
0.0108761	0.0220326	0.0114911	
0.0108761	0.0220326	0.0117317	
0.0108761	0.0220326	0.0114911	
0.0110112	0.0221676	0.0114911	
0.0108761	0.0220326	0.0442414	
0.0108761	0.0220326	0.0116851	
0.0108761	0.0220326	0.0114911	
0.0108761	0.0220326	0.0783626	
0.0108761	0.0220326	0.0114911	
0.0110112	0.0221676	0.0114911	
0.0108761	0.0220326	0.0629134	
0.0110201	0.0221765	0.0114911	
0.0108761	0.0220326	0.0114911	
0.0108761	0.0220326	0.0114911	
0.0108761	0.0220326	0.0114911	
0.0108761	0.0220326	0.0915445	
0.0108761	0.0220326	0.0114911	
0.0108761	0.0220326	0.0114911	
0.0110112	0.0221676	0.0148392	
0.0108761	0.0220326	0.0114911	
0.0110112	0.0221676	0.0114911	
0.0108761	0.0220326	0.0954403	
0.0110112	0.0221676	0.0114911	
0.0108761	0.0220326	0.0114911	
0.0108761	0.0220326	0.0679064	
0.0108761	0.0220326	0.0118791	
0.0108761	0.0220326	0.175236	
0.0108761	0.0220326	0.0114911	
0.0108761	0.0220326	0.0114911	
0.0108761	0.0220326	0.0838784	
0.0108761	0.0220326	0.0114911	
0.0108761	0.0220326	0.074193	
0.0108761	0.0220326	0.0114911	
0.0108761	0.0220326	0.0114911	
0.0108761	0.0220326	0.194534	
0.0108761	0.0220326	0.0114911	
0.0108761	0.0220326	0.0114911	
0.0108761	0.0220326	0.0114911	
0.0108761	0.0220326	0.0114911	
0.0108761	0.0220326	0.0114911	
0.0108761	0.0220326	0.0114911	
0.0108761	0.0220326	0.0114911	
0.0108761	0.0220326	0.019851	
0.0108761	0.0220326	0.0114911	
0.0108761	0.0220326	0.0114911	
0.0108761	0.0220326	0.016811	
0.0108761	0.0220326	0.0114911	
0.0108761	0.0220326	0.0114911	
0.0108761	0.0220326	0.0114911	
0.0108761	0.0220326	0.0114911	
0.0108761	0.0220326	0.0114911	
0.0108761	0.0220326	0.128866	
0.0108761	0.0220326	0.0116851	
0.0108761	0.0220326	0.0118185	
0.0109809	0.0221373	0.0114911	
0.0110642	0.0222207	0.120559	
0.0108761	0.0220326	0.0115534	
0.0108761	0.0220326	0.376056	
0.0110285	0.0221849	0.0114911	
0.0108761	0.0220326	0.0117024	
0.0110285	0.0221849	0.0114911	
0.0108761	0.0220326	0.0158305	
0.0110642	0.0222207	0.0114911	
0.0110642	0.0222207	0.0114911	
0.0108761	0.0220326	0.190758	
0.0110642	0.0222207	0.0114911	
0.0110642	0.0222207	0.0114911	
0.0108761	0.0220326	0.258765	
app 0 avg time = 0.0108132
app 1 avg time = 0.0218672
app 2 avg time = 0.0332972
avg = 0.0219925
---------process_time_record---------------
0	0	0	
0	0	0	
0	0	0	
0	0	0	
0	1	0	
1	0	0	
0	0	0	
1	0	0	
0	0	0	
0	0	0	
0	0	0	
0	0	0	
0	0	0	
0	0	0	
0	0	0	
0	1	1	
0	0	0	
0	0	0	
0	0	0	
0	0	0	
0	0	0	
1	0	0	
0	1	0	
0	0	0	
1	0	0	
0	0	0	
0	0	0	
0	0	0	
0	0	0	
1	0	0	
0	0	0	
0	0	0	
0	0	0	
0	0	0	
0	0	0	
1	0	0	
0	0	0	
0	0	0	
0	0	0	
0	0	0	
0	1	0	
0	0	0	
0	0	0	
0	0	0	
0	0	0	
0	0	0	
0	0	0	
0	0	0	
0	0	0	
0	0	0	
0	0	0	
0	0	0	
0	0	0	
0	0	0	
0	0	0	
0	0	0	
0	0	0	
0	0	1	
0	0	0	
0	0	0	
0	0	0	
0	0	0	
0	0	0	
0	0	0	
0	0	0	
0	0	0	
0	0	0	
1	0	0	
0	1	0	
0	1	0	
0	0	0	
0	0	0	
0	0	0	
0	0	0	
0	0	1	
0	0	0	
0	0	1	
0	0	0	
0	0	0	
1	0	0	
0	0	0	
0	0	0	
0	0	0	
0	0	0	
0	1	0	
0	0	0	
0	0	0	
0	0	0	
0	0	0	
0	0	0	
0	0	0	
0	0	0	
0	0	0	
0	0	0	
0	0	0	
0	0	0	
0	0	0	
0	0	0	
0	0	0	
0	0	0	
1	0	0	
0	0	0	
0	0	1	
0	0	0	
0	0	0	
0	0	0	
0	0	0	
0	0	0	
1	0	0	
app 0 avg time = 0.0917431
app 1 avg time = 0.0642202
app 2 avg time = 0.0458716
avg = 0.0672783
---------transmission_time_record---------------
0	0	0	
0.0208761	0.0318748	0.0209941	
0.0208761	0.0318748	0.0209941	
0.0208761	0.0318748	0.0209941	
0.0208761	0.0318748	0.0209941	
0.0208761	0.0318748	0.0209941	
0.0208761	0.0318748	0.0209941	
0.0208761	0.0318748	0.0209941	
0.0208761	0.0318748	0.0209941	
0.0208761	0.0318748	0.0209941	
0.0208761	0.0318748	0.0209941	
0.0208761	0.0318748	0.0209941	
0.0208761	0.0318748	0.0209941	
0.0208761	0.0318748	0.0209941	
0.0208761	0.0318748	0.0209941	
0.0208761	0.0318748	0.0209941	
0.0208761	0.0318748	0.0209941	
0.0208761	0.0318748	0.0209941	
0.0208761	0.0318748	0.0209941	
0.0208761	0.0318748	0.0209941	
0.0208761	0.0318748	0.0209941	
0.0208761	0.0318748	0.0209941	
0.0208761	0.0318748	0.0209941	
0.0208761	0.0318748	0.0209941	
0.0208761	0.0318748	0.0209941	
0.0208761	0.0318748	0.0209941	
0.0208761	0.0318748	0.0209941	
0.0208761	0.0318748	0.0209941	
0.0208761	0.0318748	0.0209941	
0.0208761	0.0318748	0.0209941	
0.0208761	0.0318748	0.0209941	
0.0208761	0.0318748	0.0209941	
0.0208761	0.0318748	0.0209941	
0.0208761	0.0318748	0.0209941	
0.0208761	0.0318748	0.0209941	
0.0208761	0.0318748	0.0209941	
0.0208761	0.0318748	0.0209941	
0.0208761	0.0318748	0.0209941	
0.0208761	0.0318748	0.0209941	
0.0208761	0.0318748	0.0209941	
0.0208761	0.0318748	0.0209941	
0.0208761	0.0318748	0.0209941	
0.0208761	0.0318748	0.0209941	
0.0208761	0.0318748	0.0209941	
0.0208761	0.0318748	0.0209941	
0.0208761	0.0318748	0.0209941	
0.0208761	0.0318748	0.0209941	
0.0208761	0.0318748	0.0209941	
0.0208761	0.0318748	0.0209941	
0.0208761	0.0318748	0.0209941	
0.0208761	0.0318748	0.0209941	
0.0208761	0.0318748	0.0209941	
0.0208761	0.0318748	0.0209941	
0.0208761	0.0318748	0.0209941	
0.0208761	0.0318748	0.0209941	
0.0208761	0.0318748	0.0209941	
0.0208761	0.0318748	0.0209941	
0.0208761	0.0318748	0.0209941	
0.0208761	0.0318748	0.0209941	
0.0208761	0.0318748	0.0209941	
0.0208761	0.0318748	0.0209941	
0.0208761	0.0318748	0.0209941	
0.0208761	0.0318748	0.0209941	
0.0208761	0.0318748	0.0209941	
0.0208761	0.0318748	0.0209941	
0.0208761	0.0318748	0.0209941	
0.0208761	0.0318748	0.0209941	
0.0208761	0.0318748	0.0209941	
0.0208761	0.0318748	0.0209941	
0.0208761	0.0318748	0.0209941	
0.0208761	0.0318748	0.0209941	
0.0208761	0.0318748	0.0209941	
0.0208761	0.0318748	0.0209941	
0.0208761	0.0318748	0.0209941	
0.0208761	0.0318748	0.0209941	
0.0208761	0.0318748	0.0209941	
0.0208761	0.0318748	0.0209941	
0.0208761	0.0318748	0.0209941	
0.0208761	0.0318748	0.0209941	
0.0208761	0.0318748	0.0209941	
0.0208761	0.0318748	0.0209941	
0.0208761	0.0318748	0.0209941	
0.0208761	0.0318748	0.0209941	
0.0208761	0.0318748	0.0209941	
0.0208761	0.0318748	0.0209941	
0.0208761	0.0318748	0.0209941	
0.0208761	0.0318748	0.0209941	
0.0208761	0.0318748	0.0209941	
0.0208761	0.0318748	0.0209941	
0.0208761	0.0318748	0.0209941	
0.0208761	0.0318748	0.0209941	
0.0208761	0.0318748	0.0209941	
0.0208761	0.0318748	0.0209941	
0.0208761	0.0318748	0.0209941	
0.0208761	0.0318748	0.0209941	
0.0208761	0.0318748	0.0209941	
0.0208761	0.0318748	0.0209941	
0.0208761	0.0318748	0.0209941	
0.0208761	0.0318748	0.0209941	
0.0208761	0.0318748	0.0209941	
0.0208761	0.0318748	0.0209941	
0.0208761	0.0318748	0.0209941	
0.0208761	0.0318748	0.0209941	
0.0208761	0.0318748	0.0209941	
0.0208761	0.0318748	0.0209941	
0.0208761	0.0318748	0.0209941	
0.0208761	0.0318748	0.0209941	
0.0208761	0.0318748	0.0209941	
0.0208761	0.0318748	0.0209941	
app 0 avg time = 0.0206846
app 1 avg time = 0.0315824
app 2 avg time = 0.0208015
avg = 0.0243562
---------queue_time_record---------------
0	0	0	
0.000438072	0.00131422	0.000994071	
0.000438072	0.00131422	0.000994071	
0.000573114	0.00144926	0.000994071	
0.000438072	0.00131422	0.000994071	
0.000619734	0.00149588	0.000994071	
0.000438072	0.00131422	0.0618301	
0.000701971	0.00157812	0.00105661	
0.000438072	0.00131422	0.129391	
0.000438072	0.00131422	0.00138208	
0.000573114	0.00144926	0.0640635	
0.000438072	0.00131422	0.000994071	
0.000438072	0.00131422	0.0302026	
0.000438072	0.00131422	0.0014476	
0.000605874	0.00148202	0.000994071	
0.000438072	0.00131422	0.000994071	
0.000542811	0.00141895	0.000994071	
0.000438072	0.00131422	0.0382404	
0.000542811	0.00141895	0.000994071	
0.000438072	0.00131422	0.000994071	
0.000542811	0.00141895	0.000994071	
0.000438072	0.00131422	0.000994071	
0.000438072	0.00131422	0.0245201	
0.000438072	0.00131422	0.000994071	
0.000438072	0.00131422	0.00115777	
0.000438072	0.00131422	0.0186953	
0.000542811	0.00141895	0.000994071	
0.000438072	0.00131422	0.000994071	
0.000542811	0.00141895	0.000994071	
0.000438072	0.00131422	0.000994071	
0.000438072	0.00131422	0.0350909	
0.000438072	0.00131422	0.000994071	
0.000542811	0.00141895	0.000994071	
0.000438072	0.00131422	0.000994071	
0.000438072	0.00131422	0.00115777	
0.000438072	0.00131422	0.000994071	
0.000573114	0.00144926	0.000994071	
0.000438072	0.00131422	0.000994071	
0.000632242	0.00150839	0.0445291	
0.000438072	0.00131422	0.000994071	
0.000438072	0.00131422	0.0566251	
0.000438072	0.00131422	0.000994071	
0.000438072	0.00131422	0.0012347	
0.000438072	0.00131422	0.000994071	
0.000573114	0.00144926	0.000994071	
0.000438072	0.00131422	0.0337444	
0.000438072	0.00131422	0.00118808	
0.000438072	0.00131422	0.000994071	
0.000438072	0.00131422	0.0678656	
0.000438072	0.00131422	0.000994071	
0.000573114	0.00144926	0.000994071	
0.000438072	0.00131422	0.0524163	
0.000582026	0.00145817	0.000994071	
0.000438072	0.00131422	0.000994071	
0.000438072	0.00131422	0.000994071	
0.000438072	0.00131422	0.000994071	
0.000438072	0.00131422	0.0810474	
0.000438072	0.00131422	0.000994071	
0.000438072	0.00131422	0.000994071	
0.000573114	0.00144926	0.00434219	
0.000438072	0.00131422	0.000994071	
0.000573114	0.00144926	0.000994071	
0.000438072	0.00131422	0.0849433	
0.000573114	0.00144926	0.000994071	
0.000438072	0.00131422	0.000994071	
0.000438072	0.00131422	0.0574094	
0.000438072	0.00131422	0.00138208	
0.000438072	0.00131422	0.164739	
0.000438072	0.00131422	0.000994071	
0.000438072	0.00131422	0.000994071	
0.000438072	0.00131422	0.0733814	
0.000438072	0.00131422	0.000994071	
0.000438072	0.00131422	0.063696	
0.000438072	0.00131422	0.000994071	
0.000438072	0.00131422	0.000994071	
0.000438072	0.00131422	0.184037	
0.000438072	0.00131422	0.000994071	
0.000438072	0.00131422	0.000994071	
0.000438072	0.00131422	0.000994071	
0.000438072	0.00131422	0.000994071	
0.000438072	0.00131422	0.000994071	
0.000438072	0.00131422	0.000994071	
0.000438072	0.00131422	0.000994071	
0.000438072	0.00131422	0.00935397	
0.000438072	0.00131422	0.000994071	
0.000438072	0.00131422	0.000994071	
0.000438072	0.00131422	0.00631401	
0.000438072	0.00131422	0.000994071	
0.000438072	0.00131422	0.000994071	
0.000438072	0.00131422	0.000994071	
0.000438072	0.00131422	0.000994071	
0.000438072	0.00131422	0.000994071	
0.000438072	0.00131422	0.118369	
0.000438072	0.00131422	0.00118808	
0.000438072	0.00131422	0.00132148	
0.000542811	0.00141895	0.000994071	
0.000626144	0.00150229	0.110062	
0.000438072	0.00131422	0.00105632	
0.000438072	0.00131422	0.365559	
0.00059043	0.00146657	0.000994071	
0.000438072	0.00131422	0.00120539	
0.00059043	0.00146657	0.000994071	
0.000438072	0.00131422	0.00533351	
0.000626144	0.00150229	0.000994071	
0.000626144	0.00150229	0.000994071	
0.000438072	0.00131422	0.180261	
0.000626144	0.00150229	0.000994071	
0.000626144	0.00150229	0.000994071	
0.000438072	0.00131422	0.248268	
app 0 avg time = 0.000470843
app 1 avg time = 0.00133895
app 2 avg time = 0.0228964
avg = 0.00823541
------------------END-----------------------
H = 2
sim_time = 109
