-----------------input_rate-------------------
371
539 537 1925 3001
1501 1500 0 3001
1959 993 49 3001
0 1701 1700 3401
51 2466 884 3401
1332 0 2069 3401
432 2016 953 3401
993 0 2008 3001
504 2049 748 3301
945 117 2239 3301
672 1956 673 3301
759 740 1802 3301
1143 1015 1143 3301
312 1612 1377 3301
1479 173 1649 3301
276 1821 1204 3301
1227 0 2074 3301
587 1854 860 3301
925 531 1845 3301
1220 1359 1221 3800
460 1938 1402 3800
1704 0 2096 3800
714 1989 998 3701
1155 691 1855 3701
1176 1349 1176 3701
729 1526 1446 3701
1557 586 1558 3701
384 1605 1112 3101
1262 576 1263 3101
694 952 1455 3101
906 1289 906 3101
1050 191 1860 3101
495 2110 496 3101
1479 0 1622 3101
24 2355 722 3101
1551 0 1550 3101
408 1407 1286 3101
1049 1002 1050 3101
940 295 1866 3101
456 2189 456 3101
1542 0 1559 3101
0 2146 955 3101
1338 425 1338 3101
672 740 1689 3101
603 1894 604 3101
1431 0 1670 3101
143 2103 954 3200
1600 0 1600 3200
309 1595 1397 3301
1560 181 1560 3301
510 1156 1635 3301
1356 686 1359 3401
744 764 1893 3401
1131 1138 1132 3401
1008 219 2174 3401
831 1737 833 3401
1335 0 2066 3401
459 2019 923 3401
1701 0 1700 3401
43 2085 1273 3401
1700 0 1701 3401
501 947 1752 3200
999 1201 1000 3200
1254 0 1946 3200
200 2211 789 3200
1600 0 1600 3200
474 933 1793 3200
926 1347 927 3200
1288 0 1912 3200
78 2328 895 3301
1650 0 1651 3301
522 2096 1983 4601
2164 271 2166 4601
320 1980 1801 4101
2050 0 2051 4101
89 1921 1590 3600
1669 1061 1671 4401
707 570 2223 3500
536 2427 537 3500
1750 0 1750 3500
132 1602 1667 3401
999 1401 1001 3401
1461 0 1940 3401
total time = 375.262
app 0 total events number 261447, throughput inf
app 1 total events number 294672, throughput inf
app 2 total events number 410681, throughput inf
process time = 29697 -- avg = 79.1367
total network usage = 124479
279.197
187.039
190.169
293.353
254.064
310.881
257.538
284.096
241.449
312.936
237.688
291.915
261.472
271.49
284.6
263.312
304.86
247.765
294.115
294.911
303.728
337.098
279.16
319.283
286.797
299.556
305.064
247.561
253.552
262.944
236.621
282.176
217.93
270.999
227.682
267.381
254.889
244.354
282.649
215.046
267.813
238.902
258.349
273.977
222.094
273.3
244.88
277.006
272.497
280.45
283.86
276.956
303.388
266.024
316.08
251.619
310.737
257.114
293.188
272.763
293.353
283.14
248.238
292.676
236.968
275.991
285.34
244.6
290.95
248.497
284.744
381.148
391.124
341.473
353.556
300.317
353.903
325.539
243.501
301.798
291.771
259.674
305.711
network usage average = 62.0818
manager usage = 17.2555
------------event number record---------------
539	537	1925	
1501	1500	0	
1959	993	49	
0	1701	1700	
51	2466	884	
1332	0	2069	
432	2016	953	
993	0	2008	
504	2049	748	
945	117	2239	
672	1956	673	
759	740	1802	
1143	1015	1143	
312	1612	1377	
1479	173	1649	
276	1821	1204	
1227	0	2074	
587	1854	860	
925	531	1845	
1220	1359	1221	
460	1938	1402	
1704	0	2096	
714	1989	998	
1155	691	1855	
1176	1349	1176	
729	1526	1446	
1557	586	1558	
384	1605	1112	
1262	576	1263	
694	952	1455	
906	1289	906	
1050	191	1860	
495	2110	496	
1479	0	1622	
24	2355	722	
1551	0	1550	
408	1407	1286	
1049	1002	1050	
940	295	1866	
456	2189	456	
1542	0	1559	
0	2146	955	
1338	425	1338	
672	740	1689	
603	1894	604	
1431	0	1670	
143	2103	954	
1600	0	1600	
309	1595	1397	
1560	181	1560	
510	1156	1635	
1356	686	1359	
744	764	1893	
1131	1138	1132	
1008	219	2174	
831	1737	833	
1335	0	2066	
459	2019	923	
1701	0	1700	
43	2085	1273	
1700	0	1701	
501	947	1752	
999	1201	1000	
1254	0	1946	
200	2211	789	
1600	0	1600	
474	933	1793	
926	1347	927	
1288	0	1912	
78	2328	895	
1650	0	1651	
522	2096	1983	
2164	271	2166	
320	1980	1801	
2050	0	2051	
89	1921	1590	
1669	1061	1671	
707	570	2223	
536	2427	537	
1750	0	1750	
132	1602	1667	
999	1401	1001	
1461	0	1940	
app 0 avg time = 920.892
app 1 avg time = 1032.22
app 2 avg time = 1412.75
avg = 1121.95
---------response time---------------
0.0104381	0.0108761	0.0109941	
0.0105428	0.0109809	0.0109941	
0.0104381	0.0108761	0.0109941	
0.010582	0.0110201	0.0109941	
0.0104381	0.0108761	0.011197	
0.0104381	0.0108761	0.0384767	
0.0104381	0.0108761	0.0113999	
0.0104381	0.0108761	0.0109941	
0.0104381	0.0108761	0.0111881	
0.0105731	0.0110112	0.012554	
0.0104381	0.0108761	0.0109941	
0.0104381	0.0108761	0.0109941	
0.0105731	0.0110112	0.0109941	
0.0104381	0.0108761	0.0109941	
0.0104381	0.0108761	0.015947	
0.0105731	0.0110112	0.0109941	
0.0104381	0.0108761	0.0349585	
0.0104381	0.0108761	0.0109941	
0.0105731	0.0110112	0.0109941	
0.0104381	0.0108761	0.0109941	
0.0104381	0.0108761	0.0109941	
0.0104381	0.0108761	0.0380595	
0.0104381	0.0108761	0.0112208	
0.0104381	0.0108761	0.0109941	
0.0106059	0.0110439	0.0109941	
0.0104381	0.0108761	0.0109941	
0.0104381	0.0108761	0.0109941	
0.0105536	0.0109916	0.0109941	
0.0104381	0.0108761	0.0109941	
0.0104381	0.0108761	0.0109941	
0.0105536	0.0109916	0.0109941	
0.0104381	0.0108761	0.0109941	
0.0104381	0.0108761	0.0109941	
0.0104381	0.0108761	0.0125805	
0.0104381	0.0108761	0.0111685	
0.0104381	0.0108761	0.0109941	
0.0105536	0.0109916	0.0109941	
0.0104381	0.0108761	0.0109941	
0.0104381	0.0108761	0.0109941	
0.0105536	0.0109916	0.0109941	
0.0104381	0.0108761	0.0113002	
0.0104381	0.0108761	0.0109941	
0.0105536	0.0109916	0.0109941	
0.0104381	0.0108761	0.0109941	
0.0104381	0.0108761	0.0109941	
0.0104381	0.0108761	0.013423	
0.0104381	0.0108761	0.0109941	
0.0104381	0.0108761	0.0109941	
0.0104381	0.0108761	0.0109941	
0.0105731	0.0110112	0.0109941	
0.0104381	0.0108761	0.0109941	
0.0104381	0.0108761	0.0113999	
0.0104381	0.0108761	0.0109941	
0.0104381	0.0108761	0.0109941	
0.010582	0.0110201	0.0109941	
0.0104381	0.0108761	0.011197	
0.0104381	0.0108761	0.0382533	
0.0104381	0.0108761	0.0113999	
0.0104381	0.0108761	0.011197	
0.0104381	0.0108761	0.0111058	
0.0104381	0.0108761	0.0113999	
0.0104381	0.0108761	0.0109941	
0.0104381	0.0108761	0.0109941	
0.0104381	0.0108761	0.0243745	
0.0104381	0.0108761	0.0109941	
0.0104381	0.0108761	0.0109941	
0.0105636	0.0110017	0.0109941	
0.0104381	0.0108761	0.0109941	
0.0104381	0.0108761	0.0227609	
0.0104381	0.0108761	0.0111881	
0.0104381	0.0108761	0.0113821	
0.0104381	0.0108761	0.0109941	
0.0104381	0.0108761	0.011336	
0.0104381	0.0108761	0.0109941	
0.0104381	0.0108761	0.0112564	
0.0104381	0.0108761	0.0109941	
0.0104381	0.0108761	0.0113063	
0.0105904	0.0110285	0.0109941	
0.0104381	0.0108761	0.0109941	
0.0104381	0.0108761	0.0109941	
0.010582	0.0110201	0.0109941	
0.0104381	0.0108761	0.011197	
0.0104381	0.0108761	0.028869	
app 0 avg time = 0.010465
app 1 avg time = 0.0109031
app 2 avg time = 0.0129732
avg = 0.0114471
---------process_time_record---------------
0	0	0	
0	0	0	
0	0	0	
0	0	0	
0	0	0	
0	1	0	
0	0	0	
0	0	0	
0	0	0	
0	0	0	
0	0	0	
0	0	0	
0	1	0	
0	0	0	
0	0	0	
0	0	0	
1	0	0	
0	0	0	
0	0	0	
0	0	0	
1	0	0	
0	0	0	
0	0	0	
0	0	0	
0	0	0	
0	0	0	
0	0	1	
0	0	0	
0	0	0	
0	0	0	
0	0	0	
0	0	0	
0	0	0	
0	0	1	
0	0	0	
0	0	0	
0	0	0	
0	1	0	
0	1	0	
0	1	0	
1	0	0	
0	0	1	
0	0	0	
0	0	0	
0	0	0	
0	0	0	
0	0	0	
0	0	0	
0	0	0	
0	0	0	
0	0	1	
0	0	0	
0	0	0	
0	0	0	
0	0	0	
0	0	0	
0	0	0	
0	0	0	
0	0	0	
0	1	0	
0	0	0	
0	0	0	
0	0	0	
0	0	0	
0	0	0	
0	0	0	
0	0	0	
0	0	0	
0	0	0	
1	0	0	
0	0	1	
0	0	0	
0	0	0	
0	1	0	
0	0	0	
0	0	0	
0	0	0	
0	0	0	
0	0	0	
1	0	0	
0	0	0	
0	0	0	
0	0	0	
app 0 avg time = 0.060241
app 1 avg time = 0.0843373
app 2 avg time = 0.060241
avg = 0.0682731
---------transmission_time_record---------------
0.0208761	0.0208761	0.0209941	
0.0208761	0.0208761	0.0209941	
0.0208761	0.0208761	0.0209941	
0.0208761	0.0208761	0.0209941	
0.0208761	0.0208761	0.0209941	
0.0208761	0.0208761	0.0209941	
0.0208761	0.0208761	0.0209941	
0.0208761	0.0208761	0.0209941	
0.0208761	0.0208761	0.0209941	
0.0208761	0.0208761	0.0209941	
0.0208761	0.0208761	0.0209941	
0.0208761	0.0208761	0.0209941	
0.0208761	0.0208761	0.0209941	
0.0208761	0.0208761	0.0209941	
0.0208761	0.0208761	0.0209941	
0.0208761	0.0208761	0.0209941	
0.0208761	0.0208761	0.0209941	
0.0208761	0.0208761	0.0209941	
0.0208761	0.0208761	0.0209941	
0.0208761	0.0208761	0.0209941	
0.0208761	0.0208761	0.0209941	
0.0208761	0.0208761	0.0209941	
0.0208761	0.0208761	0.0209941	
0.0208761	0.0208761	0.0209941	
0.0208761	0.0208761	0.0209941	
0.0208761	0.0208761	0.0209941	
0.0208761	0.0208761	0.0209941	
0.0208761	0.0208761	0.0209941	
0.0208761	0.0208761	0.0209941	
0.0208761	0.0208761	0.0209941	
0.0208761	0.0208761	0.0209941	
0.0208761	0.0208761	0.0209941	
0.0208761	0.0208761	0.0209941	
0.0208761	0.0208761	0.0209941	
0.0208761	0.0208761	0.0209941	
0.0208761	0.0208761	0.0209941	
0.0208761	0.0208761	0.0209941	
0.0208761	0.0208761	0.0209941	
0.0208761	0.0208761	0.0209941	
0.0208761	0.0208761	0.0209941	
0.0208761	0.0208761	0.0209941	
0.0208761	0.0208761	0.0209941	
0.0208761	0.0208761	0.0209941	
0.0208761	0.0208761	0.0209941	
0.0208761	0.0208761	0.0209941	
0.0208761	0.0208761	0.0209941	
0.0208761	0.0208761	0.0209941	
0.0208761	0.0208761	0.0209941	
0.0208761	0.0208761	0.0209941	
0.0208761	0.0208761	0.0209941	
0.0208761	0.0208761	0.0209941	
0.0208761	0.0208761	0.0209941	
0.0208761	0.0208761	0.0209941	
0.0208761	0.0208761	0.0209941	
0.0208761	0.0208761	0.0209941	
0.0208761	0.0208761	0.0209941	
0.0208761	0.0208761	0.0209941	
0.0208761	0.0208761	0.0209941	
0.0208761	0.0208761	0.0209941	
0.0208761	0.0208761	0.0209941	
0.0208761	0.0208761	0.0209941	
0.0208761	0.0208761	0.0209941	
0.0208761	0.0208761	0.0209941	
0.0208761	0.0208761	0.0209941	
0.0208761	0.0208761	0.0209941	
0.0208761	0.0208761	0.0209941	
0.0208761	0.0208761	0.0209941	
0.0208761	0.0208761	0.0209941	
0.0208761	0.0208761	0.0209941	
0.0208761	0.0208761	0.0209941	
0.0208761	0.0208761	0.0209941	
0.0208761	0.0208761	0.0209941	
0.0208761	0.0208761	0.0209941	
0.0208761	0.0208761	0.0209941	
0.0208761	0.0208761	0.0209941	
0.0208761	0.0208761	0.0209941	
0.0208761	0.0208761	0.0209941	
0.0208761	0.0208761	0.0209941	
0.0208761	0.0208761	0.0209941	
0.0208761	0.0208761	0.0209941	
0.0208761	0.0208761	0.0209941	
0.0208761	0.0208761	0.0209941	
0.0208761	0.0208761	0.0209941	
app 0 avg time = 0.0208761
app 1 avg time = 0.0208761
app 2 avg time = 0.0209941
avg = 0.0209155
---------queue_time_record---------------
0	0.000438072	0.000497036	
0.000104739	0.000542811	0.000497036	
0	0.000438072	0.000497036	
0.000143954	0.000582026	0.000497036	
0	0.000438072	0.000699953	
0	0.000438072	0.0279797	
0	0.000438072	0.000902871	
0	0.000438072	0.000497036	
0	0.000438072	0.000691041	
0.000135042	0.000573114	0.00205696	
0	0.000438072	0.000497036	
0	0.000438072	0.000497036	
0.000135042	0.000573114	0.000497036	
0	0.000438072	0.000497036	
0	0.000438072	0.00544993	
0.000135042	0.000573114	0.000497036	
0	0.000438072	0.0244614	
0	0.000438072	0.000497036	
0.000135042	0.000573114	0.000497036	
0	0.000438072	0.000497036	
0	0.000438072	0.000497036	
0	0.000438072	0.0275625	
0	0.000438072	0.000723801	
0	0.000438072	0.000497036	
0.000167802	0.000605874	0.000497036	
0	0.000438072	0.000497036	
0	0.000438072	0.000497036	
0.000115491	0.000553563	0.000497036	
0	0.000438072	0.000497036	
0	0.000438072	0.000497036	
0.000115491	0.000553563	0.000497036	
0	0.000438072	0.000497036	
0	0.000438072	0.000497036	
0	0.000438072	0.00208342	
0	0.000438072	0.00067149	
0	0.000438072	0.000497036	
0.000115491	0.000553563	0.000497036	
0	0.000438072	0.000497036	
0	0.000438072	0.000497036	
0.000115491	0.000553563	0.000497036	
0	0.000438072	0.000803136	
0	0.000438072	0.000497036	
0.000115491	0.000553563	0.000497036	
0	0.000438072	0.000497036	
0	0.000438072	0.000497036	
0	0.000438072	0.00292595	
0	0.000438072	0.000497036	
0	0.000438072	0.000497036	
0	0.000438072	0.000497036	
0.000135042	0.000573114	0.000497036	
0	0.000438072	0.000497036	
0	0.000438072	0.000902871	
0	0.000438072	0.000497036	
0	0.000438072	0.000497036	
0.000143954	0.000582026	0.000497036	
0	0.000438072	0.000699953	
0	0.000438072	0.0277563	
0	0.000438072	0.000902871	
0	0.000438072	0.000699953	
0	0.000438072	0.000608754	
0	0.000438072	0.000902871	
0	0.000438072	0.000497036	
0	0.000438072	0.000497036	
0	0.000438072	0.0138775	
0	0.000438072	0.000497036	
0	0.000438072	0.000497036	
0.000125572	0.000563644	0.000497036	
0	0.000438072	0.000497036	
0	0.000438072	0.0122638	
0	0.000438072	0.000691041	
0	0.000438072	0.000885046	
0	0.000438072	0.000497036	
0	0.000438072	0.000838933	
0	0.000438072	0.000497036	
0	0.000438072	0.000759399	
0	0.000438072	0.000497036	
0	0.000438072	0.000809288	
0.000152358	0.00059043	0.000497036	
0	0.000438072	0.000497036	
0	0.000438072	0.000497036	
0.000143954	0.000582026	0.000497036	
0	0.000438072	0.000699953	
0	0.000438072	0.0183719	
app 0 avg time = 2.69277e-005
app 1 avg time = 0.000465
app 2 avg time = 0.00247617
avg = 0.000989367
------------------END-----------------------
H = 2
sim_time = 371
