-----------------input_rate-------------------
767
1800 1800 0 3600
2047 1292 261 3600
0 1800 1800 3600
462 2155 983 3600
921 503 2176 3600
1043 1513 1044 3600
382 1577 1641 3600
1449 472 1679 3600
230 2073 1297 3600
1201 55 2244 3500
900 1700 900 3500
555 1325 1620 3500
1479 460 1561 3500
330 1821 1349 3500
1173 38 2289 3500
841 1816 843 3500
671 1239 1590 3500
1424 651 1425 3500
511 1938 1452 3901
1449 328 2124 3901
1269 1661 1271 4201
729 2040 1432 4201
1776 335 2490 4601
1212 1777 1212 4201
729 2014 1458 4201
1956 167 2078 4201
660 2241 1300 4201
1296 799 2106 4201
1199 1502 1200 3901
775 1512 1614 3901
1528 843 1530 3901
457 2409 1335 4201
1987 0 2214 4201
508 2484 1209 4201
1490 251 2460 4201
540 2320 541 3401
1470 0 1931 3401
355 2634 912 3901
1679 0 2222 3901
645 2103 1153 3901
1407 1 2493 3901
1011 1775 1014 3800
1059 560 2181 3800
1258 1282 1260 3800
842 966 1992 3800
1431 936 1433 3800
708 1219 1873 3800
1581 737 1583 3901
585 939 1777 3301
1110 1080 1111 3301
1074 123 2303 3500
768 1962 770 3500
1452 0 2048 3500
348 2148 1004 3500
1749 0 1751 3500
156 2110 1435 3701
1800 101 1800 3701
474 1433 1794 3701
1426 847 1428 3701
788 687 2226 3701
1029 1641 1031 3701
1221 0 2480 3701
564 2367 770 3701
1728 0 1973 3701
243 1980 1478 3701
1851 0 1850 3701
237 1724 1740 3701
1221 1258 1222 3701
1155 0 2546 3701
288 2997 416 3701
1851 0 1850 3701
279 1608 1814 3701
1101 1395 1104 3600
1359 0 2241 3600
total time = 771.218
app 0 total events number 524557, throughput inf
app 1 total events number 590212, throughput inf
app 2 total events number 826081, throughput inf
process time = 59009 -- avg = 76.514
total network usage = 224067
224.083
236.597
311.401
271.262
328.366
274.139
302.763
305.648
286.221
325.345
261.092
295.613
293.73
282.502
327.689
258.173
294.174
287.278
312.316
344.536
322.487
329.924
406.658
319.424
331.219
361.179
323.595
363.303
300.42
320.083
316.056
325.507
368.481
319.28
379.447
237.667
304.264
287.44
349.468
297.932
362.228
285.173
342.141
296.781
332.064
305.31
326.124
319.846
290.62
258.853
328.243
254.907
317.032
265.961
301.942
298.981
316.715
317.443
298.693
337.14
279.893
349.201
268.229
325.058
301.16
318.995
313.838
289.948
352.366
250.406
318.995
317.269
278.031
331.53
network usage average = 29.7756
manager usage = 15.2255
------------event number record---------------
1800	1800	0	
2047	1292	261	
0	1800	1800	
462	2155	983	
921	503	2176	
1043	1513	1044	
382	1577	1641	
1449	472	1679	
230	2073	1297	
1201	55	2244	
900	1700	900	
555	1325	1620	
1479	460	1561	
330	1821	1349	
1173	38	2289	
841	1816	843	
671	1239	1590	
1424	651	1425	
511	1938	1452	
1449	328	2124	
1269	1661	1271	
729	2040	1432	
1776	335	2490	
1212	1777	1212	
729	2014	1458	
1956	167	2078	
660	2241	1300	
1296	799	2106	
1199	1502	1200	
775	1512	1614	
1528	843	1530	
457	2409	1335	
1987	0	2214	
508	2484	1209	
1490	251	2460	
540	2320	541	
1470	0	1931	
355	2634	912	
1679	0	2222	
645	2103	1153	
1407	1	2493	
1011	1775	1014	
1059	560	2181	
1258	1282	1260	
842	966	1992	
1431	936	1433	
708	1219	1873	
1581	737	1583	
585	939	1777	
1110	1080	1111	
1074	123	2303	
768	1962	770	
1452	0	2048	
348	2148	1004	
1749	0	1751	
156	2110	1435	
1800	101	1800	
474	1433	1794	
1426	847	1428	
788	687	2226	
1029	1641	1031	
1221	0	2480	
564	2367	770	
1728	0	1973	
243	1980	1478	
1851	0	1850	
237	1724	1740	
1221	1258	1222	
1155	0	2546	
288	2997	416	
1851	0	1850	
279	1608	1814	
1101	1395	1104	
1359	0	2241	
app 0 avg time = 1030.84
app 1 avg time = 1155.73
app 2 avg time = 1564.01
avg = 1250.19
---------response time---------------
0.0105984	0.0110364	0.0109941	
0.0105984	0.0110364	0.0109941	
0.0105984	0.0110364	0.0109941	
0.0104381	0.0108761	0.0114326	
0.0105984	0.0110364	0.0109941	
0.0105984	0.0110364	0.0109941	
0.0105984	0.0110364	0.0109941	
0.0104381	0.0108761	0.0236487	
0.0105984	0.0110364	0.0109941	
0.0104381	0.0108761	0.0429308	
0.0104381	0.0108761	0.0109941	
0.0105904	0.0110285	0.0109941	
0.0104381	0.0108761	0.0149025	
0.0104381	0.0108761	0.011131	
0.0105904	0.0110285	0.0512112	
0.0104381	0.0108761	0.0109941	
0.0104381	0.0108761	0.0109941	
0.0105904	0.0110285	0.0109941	
0.0104381	0.0108761	0.0109941	
0.0104381	0.0108761	0.0109941	
0.0104381	0.0108761	0.011512	
0.0104381	0.0108761	0.0112739	
0.0106588	0.0110968	0.0198814	
0.0104381	0.0108761	0.0109941	
0.0104381	0.0108761	0.0109941	
0.0104381	0.0108761	0.0227034	
0.0104381	0.0108761	0.0109941	
0.0104381	0.0108761	0.0109941	
0.0106197	0.0110578	0.0109941	
0.0104381	0.0108761	0.0109941	
0.0104381	0.0108761	0.0109941	
0.010638	0.0110761	0.0109941	
0.0104381	0.0108761	0.0322578	
0.0104381	0.0108761	0.0110358	
0.010638	0.0110761	0.0418826	
0.0104381	0.0108761	0.011197	
0.0104381	0.0108761	0.0281987	
0.0104381	0.0108761	0.0109941	
0.0104381	0.0108761	0.0521714	
0.0104381	0.0108761	0.0112189	
0.0104381	0.0108761	0.0923547	
0.0104381	0.0108761	0.0111987	
0.010613	0.0110511	0.0109941	
0.0104381	0.0108761	0.0109941	
0.0104381	0.0108761	0.0109941	
0.0104381	0.0108761	0.0114618	
0.0104381	0.0108761	0.0109941	
0.0104381	0.0108761	0.0114753	
0.0104381	0.0108761	0.0109941	
0.0104381	0.0108761	0.0111881	
0.0104381	0.0108761	0.0319918	
0.0104381	0.0108761	0.0114167	
0.0104381	0.0108761	0.0384541	
0.0104381	0.0108761	0.0109941	
0.0104381	0.0108761	0.0114167	
0.0104381	0.0108761	0.0109941	
0.0104381	0.0108761	0.0109941	
0.0106059	0.0110439	0.0109941	
0.0104381	0.0108761	0.0109941	
0.0104381	0.0108761	0.0109941	
0.0104381	0.0108761	0.0114476	
0.0104381	0.0108761	0.0881902	
0.0104381	0.0108761	0.0111773	
0.0104381	0.0108761	0.0264749	
0.0104381	0.0108761	0.0112208	
0.0104381	0.0108761	0.0109941	
0.0106059	0.0110439	0.0109941	
0.0104381	0.0108761	0.0112208	
0.0104381	0.0108761	0.0960268	
0.0104381	0.0108761	0.0114476	
0.0104381	0.0108761	0.0112208	
0.0104381	0.0108761	0.0109941	
0.0104381	0.0108761	0.0111548	
0.0104381	0.0108761	0.0584117	
app 0 avg time = 0.0104772
app 1 avg time = 0.0109152
app 2 avg time = 0.0188422
avg = 0.0134115
---------process_time_record---------------
0	0	0	
0	0	0	
0	0	0	
0	0	0	
0	0	0	
0	0	0	
0	1	0	
0	0	0	
0	0	0	
0	0	0	
0	0	0	
0	0	0	
0	0	0	
0	0	0	
0	0	0	
0	0	0	
0	1	0	
1	0	0	
0	0	1	
0	0	0	
0	0	0	
0	0	0	
0	0	0	
0	0	0	
0	0	1	
0	0	0	
0	0	0	
0	0	0	
0	0	0	
0	0	0	
0	0	0	
0	0	0	
0	0	0	
0	0	0	
0	1	0	
0	0	0	
0	0	0	
0	0	0	
0	0	0	
0	0	0	
0	0	0	
0	1	0	
0	0	0	
0	0	0	
0	0	0	
0	0	0	
0	0	0	
0	0	0	
0	0	0	
0	0	0	
0	0	0	
0	0	0	
0	1	0	
0	0	0	
0	0	0	
0	0	0	
0	0	0	
0	0	0	
0	0	0	
0	0	0	
0	0	0	
0	0	0	
0	0	1	
0	0	0	
0	0	0	
0	0	0	
0	0	0	
0	0	0	
1	0	0	
0	0	0	
0	0	0	
0	0	0	
0	0	0	
0	0	0	
app 0 avg time = 0.027027
app 1 avg time = 0.0675676
app 2 avg time = 0.0405405
avg = 0.045045
---------transmission_time_record---------------
0.0208761	0.0208761	0.0209941	
0.0208761	0.0208761	0.0209941	
0.0208761	0.0208761	0.0209941	
0.0208761	0.0208761	0.0209941	
0.0208761	0.0208761	0.0209941	
0.0208761	0.0208761	0.0209941	
0.0208761	0.0208761	0.0209941	
0.0208761	0.0208761	0.0209941	
0.0208761	0.0208761	0.0209941	
0.0208761	0.0208761	0.0209941	
0.0208761	0.0208761	0.0209941	
0.0208761	0.0208761	0.0209941	
0.0208761	0.0208761	0.0209941	
0.0208761	0.0208761	0.0209941	
0.0208761	0.0208761	0.0209941	
0.0208761	0.0208761	0.0209941	
0.0208761	0.0208761	0.0209941	
0.0208761	0.0208761	0.0209941	
0.0208761	0.0208761	0.0209941	
0.0208761	0.0208761	0.0209941	
0.0208761	0.0208761	0.0209941	
0.0208761	0.0208761	0.0209941	
0.0208761	0.0208761	0.0209941	
0.0208761	0.0208761	0.0209941	
0.0208761	0.0208761	0.0209941	
0.0208761	0.0208761	0.0209941	
0.0208761	0.0208761	0.0209941	
0.0208761	0.0208761	0.0209941	
0.0208761	0.0208761	0.0209941	
0.0208761	0.0208761	0.0209941	
0.0208761	0.0208761	0.0209941	
0.0208761	0.0208761	0.0209941	
0.0208761	0.0208761	0.0209941	
0.0208761	0.0208761	0.0209941	
0.0208761	0.0208761	0.0209941	
0.0208761	0.0208761	0.0209941	
0.0208761	0.0208761	0.0209941	
0.0208761	0.0208761	0.0209941	
0.0208761	0.0208761	0.0209941	
0.0208761	0.0208761	0.0209941	
0.0208761	0.0208761	0.0209941	
0.0208761	0.0208761	0.0209941	
0.0208761	0.0208761	0.0209941	
0.0208761	0.0208761	0.0209941	
0.0208761	0.0208761	0.0209941	
0.0208761	0.0208761	0.0209941	
0.0208761	0.0208761	0.0209941	
0.0208761	0.0208761	0.0209941	
0.0208761	0.0208761	0.0209941	
0.0208761	0.0208761	0.0209941	
0.0208761	0.0208761	0.0209941	
0.0208761	0.0208761	0.0209941	
0.0208761	0.0208761	0.0209941	
0.0208761	0.0208761	0.0209941	
0.0208761	0.0208761	0.0209941	
0.0208761	0.0208761	0.0209941	
0.0208761	0.0208761	0.0209941	
0.0208761	0.0208761	0.0209941	
0.0208761	0.0208761	0.0209941	
0.0208761	0.0208761	0.0209941	
0.0208761	0.0208761	0.0209941	
0.0208761	0.0208761	0.0209941	
0.0208761	0.0208761	0.0209941	
0.0208761	0.0208761	0.0209941	
0.0208761	0.0208761	0.0209941	
0.0208761	0.0208761	0.0209941	
0.0208761	0.0208761	0.0209941	
0.0208761	0.0208761	0.0209941	
0.0208761	0.0208761	0.0209941	
0.0208761	0.0208761	0.0209941	
0.0208761	0.0208761	0.0209941	
0.0208761	0.0208761	0.0209941	
0.0208761	0.0208761	0.0209941	
0.0208761	0.0208761	0.0209941	
app 0 avg time = 0.0208761
app 1 avg time = 0.0208761
app 2 avg time = 0.0209941
avg = 0.0209155
---------queue_time_record---------------
0.000160294	0.000598366	0.000497036	
0.000160294	0.000598366	0.000497036	
0.000160294	0.000598366	0.000497036	
0	0.000438072	0.000935551	
0.000160294	0.000598366	0.000497036	
0.000160294	0.000598366	0.000497036	
0.000160294	0.000598366	0.000497036	
0	0.000438072	0.0131516	
0.000160294	0.000598366	0.000497036	
0	0.000438072	0.0324338	
0	0.000438072	0.000497036	
0.000152358	0.00059043	0.000497036	
0	0.000438072	0.00440542	
0	0.000438072	0.000633964	
0.000152358	0.00059043	0.0407141	
0	0.000438072	0.000497036	
0	0.000438072	0.000497036	
0.000152358	0.00059043	0.000497036	
0	0.000438072	0.000497036	
0	0.000438072	0.000497036	
0	0.000438072	0.00101492	
0	0.000438072	0.000776821	
0.000220681	0.000658753	0.00938437	
0	0.000438072	0.000497036	
0	0.000438072	0.000497036	
0	0.000438072	0.0122063	
0	0.000438072	0.000497036	
0	0.000438072	0.000497036	
0.000181662	0.000619734	0.000497036	
0	0.000438072	0.000497036	
0	0.000438072	0.000497036	
0.000199977	0.000638049	0.000497036	
0	0.000438072	0.0217607	
0	0.000438072	0.000538726	
0.000199977	0.000638049	0.0313856	
0	0.000438072	0.000699953	
0	0.000438072	0.0177016	
0	0.000438072	0.000497036	
0	0.000438072	0.0416744	
0	0.000438072	0.000721876	
0	0.000438072	0.0818577	
0	0.000438072	0.000701633	
0.000174914	0.000612986	0.000497036	
0	0.000438072	0.000497036	
0	0.000438072	0.000497036	
0	0.000438072	0.000964791	
0	0.000438072	0.000497036	
0	0.000438072	0.000978286	
0	0.000438072	0.000497036	
0	0.000438072	0.000691041	
0	0.000438072	0.0214948	
0	0.000438072	0.000919678	
0	0.000438072	0.0279571	
0	0.000438072	0.000497036	
0	0.000438072	0.000919678	
0	0.000438072	0.000497036	
0	0.000438072	0.000497036	
0.000167802	0.000605874	0.000497036	
0	0.000438072	0.000497036	
0	0.000438072	0.000497036	
0	0.000438072	0.000950566	
0	0.000438072	0.0776931	
0	0.000438072	0.000680296	
0	0.000438072	0.0159779	
0	0.000438072	0.000723801	
0	0.000438072	0.000497036	
0.000167802	0.000605874	0.000497036	
0	0.000438072	0.000723801	
0	0.000438072	0.0855298	
0	0.000438072	0.000950566	
0	0.000438072	0.000723801	
0	0.000438072	0.000497036	
0	0.000438072	0.000657773	
0	0.000438072	0.0479147	
app 0 avg time = 3.90804e-005
app 1 avg time = 0.000477152
app 2 avg time = 0.00834515
avg = 0.00295379
------------------END-----------------------
H = 2
sim_time = 767
