-----------------input_rate-------------------
1149
720 1152 2529 4401
1411 1408 1582 4401
381 1384 1636 3401
1001 1000 1400 3401
847 1710 844 3401
536 654 2211 3401
1136 1132 1133 3401
309 1100 1992 3401
1135 1134 1132 3401
716 1518 1167 3401
708 708 1985 3401
1133 1132 1136 3401
385 1240 1776 3401
1166 1168 1166 3500
560 960 1980 3500
1168 1166 1166 3500
700 1110 1690 3500
1008 1008 1484 3500
996 1420 1084 3500
700 698 2102 3500
1166 1166 1168 3500
606 1062 1832 3500
1166 1166 1168 3500
590 1064 1846 3500
1168 1166 1166 3500
1132 1236 1132 3500
860 878 1762 3500
1200 1200 1200 3600
836 994 1770 3600
1200 1200 1200 3600
936 1118 1546 3600
1119 1116 1466 3701
1233 1236 1232 3701
833 1060 1808 3701
1235 1234 1232 3701
776 1078 1346 3200
918 916 1366 3200
1066 1068 1066 3200
624 1004 1572 3200
1024 1022 1154 3200
1232 1234 1235 3701
716 1152 1833 3701
1233 1232 1236 3701
1071 1562 1068 3701
840 846 2015 3701
1236 1232 1233 3701
633 1196 1872 3701
1235 1234 1232 3701
1232 1234 1235 3701
520 1167 1813 3500
1167 1165 1168 3500
1133 1235 1132 3500
499 1145 1856 3500
1165 1168 1167 3500
1048 1407 1045 3500
552 993 1955 3500
1168 1167 1165 3500
1016 1085 1399 3500
811 808 1881 3500
1165 1168 1167 3500
800 407 2293 3500
1167 1165 1168 3500
1133 1136 1132 3401
736 392 2273 3401
1134 1132 1135 3401
1134 1135 1132 3401
720 405 2276 3401
1133 1132 1136 3401
1087 1088 2026 4201
1276 996 1929 4201
1236 1232 1233 3701
792 576 2432 3800
1268 1264 1268 3800
1264 1268 1268 3800
704 524 2372 3600
1368 1365 1368 4101
1108 1111 2482 4701
1168 1028 1505 3701
1236 1232 1233 3701
684 688 2329 3701
1224 1138 1339 3701
1266 1266 1268 3800
596 684 2520 3800
1266 1268 1266 3800
1200 1200 1200 3600
516 618 2466 3600
1032 1034 1035 3101
1036 1032 1033 3101
956 1060 1085 3101
518 516 2367 3401
1134 1135 1132 3401
988 989 1424 3401
768 300 2333 3401
1168 1165 1167 3500
1165 1167 1168 3500
535 1344 1621 3500
853 852 1795 3500
1167 1168 1165 3500
1100 1100 1101 3301
160 932 2209 3301
1100 1100 1101 3301
1200 1200 1200 3600
924 1648 1028 3600
544 544 2512 3600
total time = 1153.52
app 0 total events number 761439, throughput inf
app 1 total events number 856114, throughput inf
app 2 total events number 1199941, throughput inf
process time = 85913 -- avg = 74.4791
total network usage = 316490
452.787
432.613
340.56
338.227
324.386
356.537
332.572
348.645
332.759
331.372
351.86
332.646
344.097
342.401
358.471
343.546
352.387
349.045
339.469
362.041
343.644
355.206
342.355
355.526
342.257
342.619
354.946
352.085
363.644
352.085
360.278
366.86
361.794
373.377
362.002
319.561
319.345
313.158
322.771
314.874
363.343
373.334
361.889
357.234
378.531
363.104
373.841
362.002
362.054
354.265
343.665
341.33
355.205
342.355
338.793
359.147
342.281
347.09
357.426
342.355
368.45
342.376
332.551
357.733
332.668
334.026
357.578
332.646
424.067
422.613
363.104
396.784
371.619
371.598
377.334
402.151
478.91
368.065
361.815
385.126
365.63
371.598
397.84
371.644
352.085
379.792
303.568
303.329
304.308
358.709
334.026
338.734
359.329
342.211
342.355
351.237
355.475
342.446
322.983
344.361
324.131
352.085
346.535
379.817
network usage average = 32.1406
manager usage = 27.069
------------event number record---------------
720	1152	2529	
1411	1408	1582	
381	1384	1636	
1001	1000	1400	
847	1710	844	
536	654	2211	
1136	1132	1133	
309	1100	1992	
1135	1134	1132	
716	1518	1167	
708	708	1985	
1133	1132	1136	
385	1240	1776	
1166	1168	1166	
560	960	1980	
1168	1166	1166	
700	1110	1690	
1008	1008	1484	
996	1420	1084	
700	698	2102	
1166	1166	1168	
606	1062	1832	
1166	1166	1168	
590	1064	1846	
1168	1166	1166	
1132	1236	1132	
860	878	1762	
1200	1200	1200	
836	994	1770	
1200	1200	1200	
936	1118	1546	
1119	1116	1466	
1233	1236	1232	
833	1060	1808	
1235	1234	1232	
776	1078	1346	
918	916	1366	
1066	1068	1066	
624	1004	1572	
1024	1022	1154	
1232	1234	1235	
716	1152	1833	
1233	1232	1236	
1071	1562	1068	
840	846	2015	
1236	1232	1233	
633	1196	1872	
1235	1234	1232	
1232	1234	1235	
520	1167	1813	
1167	1165	1168	
1133	1235	1132	
499	1145	1856	
1165	1168	1167	
1048	1407	1045	
552	993	1955	
1168	1167	1165	
1016	1085	1399	
811	808	1881	
1165	1168	1167	
800	407	2293	
1167	1165	1168	
1133	1136	1132	
736	392	2273	
1134	1132	1135	
1134	1135	1132	
720	405	2276	
1133	1132	1136	
1087	1088	2026	
1276	996	1929	
1236	1232	1233	
792	576	2432	
1268	1264	1268	
1264	1268	1268	
704	524	2372	
1368	1365	1368	
1108	1111	2482	
1168	1028	1505	
1236	1232	1233	
684	688	2329	
1224	1138	1339	
1266	1266	1268	
596	684	2520	
1266	1268	1266	
1200	1200	1200	
516	618	2466	
1032	1034	1035	
1036	1032	1033	
956	1060	1085	
518	516	2367	
1134	1135	1132	
988	989	1424	
768	300	2333	
1168	1165	1167	
1165	1167	1168	
535	1344	1621	
853	852	1795	
1167	1168	1165	
1100	1100	1101	
160	932	2209	
1100	1100	1101	
1200	1200	1200	
924	1648	1028	
544	544	2512	
app 0 avg time = 958.077
app 1 avg time = 1076.46
app 2 avg time = 1523.64
avg = 1186.06
---------response time---------------
0.0108761	0.0113142	0.132338	
0.0112977	0.0117358	0.0111763	
0.0108761	0.0113142	0.0114703	
0.0108761	0.0113142	0.0111763	
0.0110201	0.0114582	0.0111763	
0.0108761	0.0113142	0.0117645	
0.0108761	0.0113142	0.0111763	
0.0108761	0.0113142	0.0111763	
0.0110201	0.0114582	0.0111763	
0.0108761	0.0113142	0.0117645	
0.0108761	0.0113142	0.0111763	
0.0108761	0.0113142	0.0111763	
0.0110201	0.0114582	0.0111763	
0.0108761	0.0113142	0.0114788	
0.0108761	0.0113142	0.0114788	
0.0110285	0.0114666	0.0111763	
0.0108761	0.0113142	0.0197511	
0.0108761	0.0113142	0.0114788	
0.0108761	0.0113142	0.0122156	
0.0110285	0.0114666	0.0111763	
0.0110285	0.0114666	0.0111763	
0.0110285	0.0114666	0.0111763	
0.0110285	0.0114666	0.0111763	
0.0108761	0.0113142	0.0114788	
0.0110285	0.0114666	0.0111763	
0.0110285	0.0114666	0.0111763	
0.0108761	0.0113142	0.0114788	
0.0108761	0.0113142	0.0114867	
0.0110364	0.0114745	0.0111763	
0.0110364	0.0114745	0.0111763	
0.0108761	0.0113142	0.0214028	
0.0112117	0.0116498	0.0111763	
0.0108761	0.0113142	0.0111763	
0.0108761	0.0113142	0.0112716	
0.0110439	0.011482	0.0111763	
0.0108761	0.0113142	0.011452	
0.0110017	0.0114398	0.0111763	
0.0108761	0.0113142	0.011452	
0.0108761	0.0113142	0.011452	
0.0110017	0.0114398	0.0111763	
0.0108761	0.0113142	0.0118122	
0.0108761	0.0113142	0.0111763	
0.0108761	0.0113142	0.0112716	
0.0110439	0.011482	0.0111763	
0.0108761	0.0113142	0.0118122	
0.0109415	0.0113795	0.0111763	
0.0108761	0.0113142	0.0117727	
0.0110439	0.011482	0.0111763	
0.0108761	0.0113142	0.0118122	
0.0108761	0.0113142	0.0112054	
0.0111809	0.0116189	0.0111763	
0.0108761	0.0113142	0.0112054	
0.0111809	0.0116189	0.0111763	
0.0108761	0.0113142	0.0117813	
0.0108761	0.0113142	0.0112054	
0.0108761	0.0113142	0.0117813	
0.0108761	0.0113142	0.0112054	
0.0108761	0.0113142	0.0149629	
0.0111809	0.0116189	0.0111763	
0.0108761	0.0113142	0.0117813	
0.0108761	0.0113142	0.0112054	
0.0111809	0.0116189	0.0111763	
0.0108761	0.0113142	0.0111763	
0.0108761	0.0113142	0.011197	
0.0110201	0.0114582	0.0111763	
0.0108761	0.0113142	0.011197	
0.0108761	0.0113142	0.0111763	
0.0108761	0.0113142	0.0111763	
0.0108761	0.0113142	0.0641587	
0.0108761	0.0113142	0.0118765	
0.0109415	0.0113795	0.0111763	
0.0108761	0.0113142	0.0111763	
0.0109628	0.0114009	0.0111763	
0.0108761	0.0113142	0.0115632	
0.0108761	0.0113142	0.0111763	
0.0108761	0.0113142	0.0111763	
0.0108761	0.0113142	0.123124	
0.0108761	0.0113142	0.0118122	
0.0109415	0.0113795	0.0111763	
0.0108761	0.0113142	0.0503312	
0.0110439	0.011482	0.0111763	
0.0110511	0.0114891	0.0111763	
0.0110511	0.0114891	0.0467661	
0.0108761	0.0113142	0.0115014	
0.0108761	0.0113142	0.0114867	
0.0110364	0.0114745	0.0265895	
0.0108761	0.0113142	0.0117075	
0.0108761	0.0113142	0.0111763	
0.0108761	0.0113142	0.0111763	
0.0110201	0.0114582	0.0111763	
0.0108761	0.0113142	0.011197	
0.0108761	0.0113142	0.0114703	
0.0108761	0.0113142	0.011197	
0.0108761	0.0113142	0.0111763	
0.0108761	0.0113142	0.0112098	
0.0108761	0.0113142	0.0202859	
0.0108761	0.0113142	0.0112098	
0.0108761	0.0113142	0.0112054	
0.0108761	0.0113142	0.0114615	
0.0108761	0.0113142	0.0117466	
0.0108761	0.0113142	0.0114436	
0.0108761	0.0113142	0.0115194	
0.0108761	0.0113142	0.0132155	
0.0108761	0.0113142	0.0115194	
app 0 avg time = 0.0109319
app 1 avg time = 0.01137
app 2 avg time = 0.0152626
avg = 0.0125215
---------process_time_record---------------
0	0	0	
0	0	0	
0	0	0	
0	0	0	
0	0	0	
0	0	0	
0	0	0	
0	0	1	
0	0	0	
0	0	0	
0	0	0	
0	1	0	
1	0	0	
1	1	0	
0	0	0	
0	0	0	
0	1	0	
0	0	0	
0	1	0	
0	0	0	
0	0	1	
0	0	0	
0	1	0	
0	1	0	
0	0	0	
0	0	0	
0	0	0	
0	0	0	
0	0	0	
0	0	0	
0	0	0	
0	0	0	
0	0	0	
0	0	0	
0	1	0	
0	0	0	
0	0	0	
0	0	0	
0	0	0	
0	0	0	
0	0	0	
0	0	0	
0	0	0	
0	0	0	
0	0	0	
0	0	0	
0	0	0	
0	0	0	
0	0	0	
0	0	0	
0	0	0	
0	0	0	
0	0	0	
0	0	0	
0	0	1	
0	0	0	
0	1	0	
0	0	0	
0	0	0	
0	1	0	
0	0	0	
1	0	0	
0	0	0	
0	0	0	
0	0	0	
0	0	0	
0	0	1	
0	0	0	
1	0	0	
0	0	0	
0	0	1	
0	0	0	
0	1	0	
0	0	0	
1	0	0	
0	0	0	
0	0	0	
0	0	0	
0	0	0	
0	0	0	
0	0	0	
0	0	0	
0	0	0	
0	0	0	
0	0	0	
0	0	0	
0	0	0	
0	0	1	
0	0	0	
1	0	0	
0	0	0	
0	0	0	
0	0	0	
0	0	0	
0	1	0	
0	0	0	
0	0	0	
0	0	0	
0	0	0	
0	0	0	
0	0	0	
0	0	0	
0	0	0	
0	0	0	
app 0 avg time = 0.0576923
app 1 avg time = 0.105769
app 2 avg time = 0.0576923
avg = 0.0737179
---------transmission_time_record---------------
0.0208761	0.0209941	0.0211763	
0.0208761	0.0209941	0.0211763	
0.0208761	0.0209941	0.0211763	
0.0208761	0.0209941	0.0211763	
0.0208761	0.0209941	0.0211763	
0.0208761	0.0209941	0.0211763	
0.0208761	0.0209941	0.0211763	
0.0208761	0.0209941	0.0211763	
0.0208761	0.0209941	0.0211763	
0.0208761	0.0209941	0.0211763	
0.0208761	0.0209941	0.0211763	
0.0208761	0.0209941	0.0211763	
0.0208761	0.0209941	0.0211763	
0.0208761	0.0209941	0.0211763	
0.0208761	0.0209941	0.0211763	
0.0208761	0.0209941	0.0211763	
0.0208761	0.0209941	0.0211763	
0.0208761	0.0209941	0.0211763	
0.0208761	0.0209941	0.0211763	
0.0208761	0.0209941	0.0211763	
0.0208761	0.0209941	0.0211763	
0.0208761	0.0209941	0.0211763	
0.0208761	0.0209941	0.0211763	
0.0208761	0.0209941	0.0211763	
0.0208761	0.0209941	0.0211763	
0.0208761	0.0209941	0.0211763	
0.0208761	0.0209941	0.0211763	
0.0208761	0.0209941	0.0211763	
0.0208761	0.0209941	0.0211763	
0.0208761	0.0209941	0.0211763	
0.0208761	0.0209941	0.0211763	
0.0208761	0.0209941	0.0211763	
0.0208761	0.0209941	0.0211763	
0.0208761	0.0209941	0.0211763	
0.0208761	0.0209941	0.0211763	
0.0208761	0.0209941	0.0211763	
0.0208761	0.0209941	0.0211763	
0.0208761	0.0209941	0.0211763	
0.0208761	0.0209941	0.0211763	
0.0208761	0.0209941	0.0211763	
0.0208761	0.0209941	0.0211763	
0.0208761	0.0209941	0.0211763	
0.0208761	0.0209941	0.0211763	
0.0208761	0.0209941	0.0211763	
0.0208761	0.0209941	0.0211763	
0.0208761	0.0209941	0.0211763	
0.0208761	0.0209941	0.0211763	
0.0208761	0.0209941	0.0211763	
0.0208761	0.0209941	0.0211763	
0.0208761	0.0209941	0.0211763	
0.0208761	0.0209941	0.0211763	
0.0208761	0.0209941	0.0211763	
0.0208761	0.0209941	0.0211763	
0.0208761	0.0209941	0.0211763	
0.0208761	0.0209941	0.0211763	
0.0208761	0.0209941	0.0211763	
0.0208761	0.0209941	0.0211763	
0.0208761	0.0209941	0.0211763	
0.0208761	0.0209941	0.0211763	
0.0208761	0.0209941	0.0211763	
0.0208761	0.0209941	0.0211763	
0.0208761	0.0209941	0.0211763	
0.0208761	0.0209941	0.0211763	
0.0208761	0.0209941	0.0211763	
0.0208761	0.0209941	0.0211763	
0.0208761	0.0209941	0.0211763	
0.0208761	0.0209941	0.0211763	
0.0208761	0.0209941	0.0211763	
0.0208761	0.0209941	0.0211763	
0.0208761	0.0209941	0.0211763	
0.0208761	0.0209941	0.0211763	
0.0208761	0.0209941	0.0211763	
0.0208761	0.0209941	0.0211763	
0.0208761	0.0209941	0.0211763	
0.0208761	0.0209941	0.0211763	
0.0208761	0.0209941	0.0211763	
0.0208761	0.0209941	0.0211763	
0.0208761	0.0209941	0.0211763	
0.0208761	0.0209941	0.0211763	
0.0208761	0.0209941	0.0211763	
0.0208761	0.0209941	0.0211763	
0.0208761	0.0209941	0.0211763	
0.0208761	0.0209941	0.0211763	
0.0208761	0.0209941	0.0211763	
0.0208761	0.0209941	0.0211763	
0.0208761	0.0209941	0.0211763	
0.0208761	0.0209941	0.0211763	
0.0208761	0.0209941	0.0211763	
0.0208761	0.0209941	0.0211763	
0.0208761	0.0209941	0.0211763	
0.0208761	0.0209941	0.0211763	
0.0208761	0.0209941	0.0211763	
0.0208761	0.0209941	0.0211763	
0.0208761	0.0209941	0.0211763	
0.0208761	0.0209941	0.0211763	
0.0208761	0.0209941	0.0211763	
0.0208761	0.0209941	0.0211763	
0.0208761	0.0209941	0.0211763	
0.0208761	0.0209941	0.0211763	
0.0208761	0.0209941	0.0211763	
0.0208761	0.0209941	0.0211763	
0.0208761	0.0209941	0.0211763	
0.0208761	0.0209941	0.0211763	
0.0208761	0.0209941	0.0211763	
app 0 avg time = 0.0208761
app 1 avg time = 0.0209941
app 2 avg time = 0.0211763
avg = 0.0210155
---------queue_time_record---------------
0.000438072	0.000876144	0.121749	
0.000859671	0.00129774	0.000588174	
0.000438072	0.000876144	0.000882169	
0.000438072	0.000876144	0.000588174	
0.000582026	0.0010201	0.000588174	
0.000438072	0.000876144	0.00117629	
0.000438072	0.000876144	0.000588174	
0.000438072	0.000876144	0.000588174	
0.000582026	0.0010201	0.000588174	
0.000438072	0.000876144	0.00117629	
0.000438072	0.000876144	0.000588174	
0.000438072	0.000876144	0.000588174	
0.000582026	0.0010201	0.000588174	
0.000438072	0.000876144	0.000890634	
0.000438072	0.000876144	0.000890634	
0.00059043	0.0010285	0.000588174	
0.000438072	0.000876144	0.00916295	
0.000438072	0.000876144	0.000890634	
0.000438072	0.000876144	0.00162744	
0.00059043	0.0010285	0.000588174	
0.00059043	0.0010285	0.000588174	
0.00059043	0.0010285	0.000588174	
0.00059043	0.0010285	0.000588174	
0.000438072	0.000876144	0.000890634	
0.00059043	0.0010285	0.000588174	
0.00059043	0.0010285	0.000588174	
0.000438072	0.000876144	0.000890634	
0.000438072	0.000876144	0.000898571	
0.000598366	0.00103644	0.000588174	
0.000598366	0.00103644	0.000588174	
0.000438072	0.000876144	0.0108146	
0.000773676	0.00121175	0.000588174	
0.000438072	0.000876144	0.000588174	
0.000438072	0.000876144	0.000683441	
0.000605874	0.00104395	0.000588174	
0.000438072	0.000876144	0.000863848	
0.000563644	0.00100172	0.000588174	
0.000438072	0.000876144	0.000863848	
0.000438072	0.000876144	0.000863848	
0.000563644	0.00100172	0.000588174	
0.000438072	0.000876144	0.00122398	
0.000438072	0.000876144	0.000588174	
0.000438072	0.000876144	0.000683441	
0.000605874	0.00104395	0.000588174	
0.000438072	0.000876144	0.00122398	
0.000503405	0.000941477	0.000588174	
0.000438072	0.000876144	0.00118448	
0.000605874	0.00104395	0.000588174	
0.000438072	0.000876144	0.00122398	
0.000438072	0.000876144	0.000708357	
0.000742787	0.00118086	0.000588174	
0.000438072	0.000876144	0.000708357	
0.000742787	0.00118086	0.000588174	
0.000438072	0.000876144	0.00119309	
0.000438072	0.000876144	0.000708357	
0.000438072	0.000876144	0.00119309	
0.000438072	0.000876144	0.000708357	
0.000438072	0.000876144	0.00437475	
0.000742787	0.00118086	0.000588174	
0.000438072	0.000876144	0.00119309	
0.000438072	0.000876144	0.000708357	
0.000742787	0.00118086	0.000588174	
0.000438072	0.000876144	0.000588174	
0.000438072	0.000876144	0.000699953	
0.000582026	0.0010201	0.000588174	
0.000438072	0.000876144	0.000699953	
0.000438072	0.000876144	0.000588174	
0.000438072	0.000876144	0.000588174	
0.000438072	0.000876144	0.0535706	
0.000438072	0.000876144	0.00128833	
0.000503405	0.000941477	0.000588174	
0.000438072	0.000876144	0.000588174	
0.000524742	0.000962814	0.000588174	
0.000438072	0.000876144	0.000975049	
0.000438072	0.000876144	0.000588174	
0.000438072	0.000876144	0.000588174	
0.000438072	0.000876144	0.112536	
0.000438072	0.000876144	0.00122398	
0.000503405	0.000941477	0.000588174	
0.000438072	0.000876144	0.039743	
0.000605874	0.00104395	0.000588174	
0.000612986	0.00105106	0.000588174	
0.000612986	0.00105106	0.0361779	
0.000438072	0.000876144	0.00091319	
0.000438072	0.000876144	0.000898571	
0.000598366	0.00103644	0.0160014	
0.000438072	0.000876144	0.00111936	
0.000438072	0.000876144	0.000588174	
0.000438072	0.000876144	0.00067149	
0.000582026	0.0010201	0.000588174	
0.000438072	0.000876144	0.000699953	
0.000438072	0.000876144	0.000882169	
0.000438072	0.000876144	0.000699953	
0.000438072	0.000876144	0.000588174	
0.000438072	0.000876144	0.000621665	
0.000438072	0.000876144	0.00969776	
0.000438072	0.000876144	0.000621665	
0.000438072	0.000876144	0.000708357	
0.000438072	0.000876144	0.000873318	
0.000438072	0.000876144	0.00115846	
0.000438072	0.000876144	0.000855432	
0.000438072	0.000876144	0.000931189	
0.000438072	0.000876144	0.00262736	
0.000438072	0.000876144	0.000931189	
app 0 avg time = 0.000493823
app 1 avg time = 0.000931895
app 2 avg time = 0.00468399
avg = 0.00203657
------------------END-----------------------
H = 2
sim_time = 1149
