-----------------input_rate-------------------
643
1866 2035 0 3901
1188 1357 1356 3901
0 2677 1224 3901
1383 184 2334 3901
789 2016 1096 3901
636 1670 1895 4201
1449 379 2573 4401
1077 2073 1251 4401
801 1755 1845 4401
1008 1322 2071 4401
1479 463 2459 4401
1230 1821 1350 4401
414 1854 1532 3800
1371 138 2291 3800
1023 1752 1025 3800
513 1834 1453 3800
1848 104 1848 3800
368 1989 1044 3401
1501 0 1900 3401
528 2040 833 3401
1377 0 2024 3401
610 2112 679 3401
1331 611 2058 4000
1215 1570 1215 4000
741 857 1503 3101
858 1384 859 3101
1098 96 1907 3101
696 2205 699 3600
1278 207 2115 3600
726 2148 726 3600
1257 708 2136 4101
1099 1701 1101 3901
890 1196 1815 3901
1305 1288 1308 3901
693 1546 1662 3901
1437 1025 1439 3901
573 1740 1588 3901
1403 894 1404 3701
631 1390 1680 3701
1494 713 1494 3701
558 1496 1647 3701
1710 280 1711 3701
366 1842 1493 3701
1851 0 1850 3701
324 1902 1475 3701
1851 0 1850 3701
288 1956 1457 3701
1851 0 1850 3701
234 1839 1427 3500
1659 180 1661 3500
525 1222 1753 3500
1317 863 1320 3500
903 443 2154 3500
897 1705 898 3500
1356 0 2144 3500
398 2211 891 3500
1750 0 1750 3500
126 2130 1445 3701
1924 150 1926 4000
290 1182 1728 3200
1026 1146 1028 3200
1224 0 1877 3101
12 2367 821 3200
1599 0 1601 3200
681 358 2161 3200
789 1622 789 3200
1542 514 3045 5101
1316 2468 1317 5101
1060 1464 2577 5101
1783 1533 1785 5101
635 2297 2169 5101
2196 706 2199 5101
total time = 647.578
app 0 total events number 445624, throughput inf
app 1 total events number 501550, throughput inf
app 2 total events number 701461, throughput inf
process time = 49885 -- avg = 77.0332
total network usage = 189550
299.871
334.251
330.697
358.651
328.808
370.718
403.119
369.8
384.759
391.645
400.248
372.293
330.721
349.86
319.337
328.846
338.589
287.97
309.413
283.76
312.676
278.753
359.293
338.063
277.741
260.188
286.58
294.467
330.127
296.366
369.08
327.829
345.58
332.812
343.177
336.136
339.838
320.044
326.995
323.3
326.164
327.661
322.17
331.302
322.912
331.161
321.404
331.137
305.093
312.346
313.393
302.283
323.517
291.771
324.369
291.71
313.228
320.961
356.199
290.77
272.177
285.8
266.823
286.607
301.879
265.903
468.819
425.071
456.803
438.307
446.528
447.284
network usage average = 37.3467
manager usage = 17.0718
------------event number record---------------
1866	2035	0	
1188	1357	1356	
0	2677	1224	
1383	184	2334	
789	2016	1096	
636	1670	1895	
1449	379	2573	
1077	2073	1251	
801	1755	1845	
1008	1322	2071	
1479	463	2459	
1230	1821	1350	
414	1854	1532	
1371	138	2291	
1023	1752	1025	
513	1834	1453	
1848	104	1848	
368	1989	1044	
1501	0	1900	
528	2040	833	
1377	0	2024	
610	2112	679	
1331	611	2058	
1215	1570	1215	
741	857	1503	
858	1384	859	
1098	96	1907	
696	2205	699	
1278	207	2115	
726	2148	726	
1257	708	2136	
1099	1701	1101	
890	1196	1815	
1305	1288	1308	
693	1546	1662	
1437	1025	1439	
573	1740	1588	
1403	894	1404	
631	1390	1680	
1494	713	1494	
558	1496	1647	
1710	280	1711	
366	1842	1493	
1851	0	1850	
324	1902	1475	
1851	0	1850	
288	1956	1457	
1851	0	1850	
234	1839	1427	
1659	180	1661	
525	1222	1753	
1317	863	1320	
903	443	2154	
897	1705	898	
1356	0	2144	
398	2211	891	
1750	0	1750	
126	2130	1445	
1924	150	1926	
290	1182	1728	
1026	1146	1028	
1224	0	1877	
12	2367	821	
1599	0	1601	
681	358	2161	
789	1622	789	
1542	514	3045	
1316	2468	1317	
1060	1464	2577	
1783	1533	1785	
635	2297	2169	
2196	706	2199	
app 0 avg time = 1044.79
app 1 avg time = 1176.81
app 2 avg time = 1591.54
avg = 1271.05
---------response time---------------
0.0211564	0.0218748	0.0105882	
0.0216184	0.0223368	0.0105882	
0.021362	0.0220804	0.0105882	
0.0211564	0.0218748	0.0105882	
0.0211564	0.0218748	0.0109199	
0.0236725	0.0243909	0.0105882	
0.0211564	0.0218748	0.0107668	
0.0211564	0.0218748	0.0107668	
0.0211564	0.0218748	0.0107668	
0.0375055	0.0382238	0.0105882	
0.0211564	0.0218748	0.0107668	
0.0211564	0.0218748	0.0107668	
0.0211564	0.0218748	0.0109132	
0.0211564	0.0218748	0.0105882	
0.0211564	0.0218748	0.0107309	
0.0216117	0.02233	0.0105882	
0.0211564	0.0218748	0.0105882	
0.0212866	0.022005	0.0105882	
0.0211564	0.0218748	0.0108822	
0.0211564	0.0218748	0.0105882	
0.0211564	0.0218748	0.0107	
0.0215807	0.0222991	0.0105882	
0.0213748	0.0220932	0.0105882	
0.0211564	0.0218748	0.0105882	
0.0212297	0.021948	0.0105882	
0.0211564	0.0218748	0.0108538	
0.0211564	0.0218748	0.0105882	
0.0211564	0.0218748	0.0105882	
0.0211564	0.0218748	0.0105882	
0.0211564	0.0218748	0.0105882	
0.0211564	0.0218748	0.0105882	
0.0216184	0.0223368	0.0105882	
0.021362	0.0220804	0.0105882	
0.0211564	0.0218748	0.0105882	
0.0216184	0.0223368	0.0105882	
0.0211564	0.0218748	0.0107377	
0.0211564	0.0218748	0.0105882	
0.0213343	0.0220527	0.0105882	
0.0216046	0.0223229	0.0105882	
0.0211564	0.0218748	0.0105882	
0.0213343	0.0220527	0.0105882	
0.0211564	0.0218748	0.0109061	
0.0211564	0.0218748	0.0105882	
0.0211564	0.0218748	0.0107238	
0.0211564	0.0218748	0.0109061	
0.0211564	0.0218748	0.0105882	
0.0211564	0.0218748	0.0107238	
0.0211564	0.0218748	0.0109061	
0.0211564	0.0218748	0.0105882	
0.0211564	0.0218748	0.0107084	
0.0215891	0.0223075	0.0105882	
0.0211564	0.0218748	0.0105882	
0.0213034	0.0220218	0.0105882	
0.0211564	0.0218748	0.0108906	
0.0211564	0.0218748	0.0105882	
0.0213034	0.0220218	0.0105882	
0.0211564	0.0218748	0.0108906	
0.0211564	0.0218748	0.0105882	
0.0216248	0.0223432	0.0105882	
0.0211564	0.0218748	0.0105882	
0.0211564	0.0218748	0.0106816	
0.0211564	0.0218748	0.0108538	
0.0211564	0.0218748	0.0105882	
0.0211564	0.0218748	0.0106816	
0.0215623	0.0222807	0.0105882	
0.0211564	0.0218748	0.0105882	
0.0439327	0.0446511	0.0105882	
0.0214827	0.022201	0.0105882	
0.0846648	0.0853832	0.0105882	
0.0216787	0.0223971	0.0105882	
0.12104	0.121758	0.0105882	
0.0211564	0.0218748	0.0106019	
app 0 avg time = 0.0240923
app 1 avg time = 0.0248107
app 2 avg time = 0.0106566
avg = 0.0198532
---------process_time_record---------------
0	0	0	
0	1	0	
0	0	0	
0	0	0	
0	0	0	
1	0	0	
0	0	0	
0	0	0	
0	0	0	
0	0	0	
0	0	0	
0	0	0	
0	0	0	
0	0	0	
0	0	0	
0	0	0	
0	0	0	
0	0	0	
0	0	0	
0	0	0	
0	0	0	
0	0	0	
0	0	0	
0	0	0	
0	0	0	
0	0	0	
0	0	0	
0	0	0	
0	0	0	
0	0	0	
0	0	0	
0	0	0	
1	0	0	
0	1	0	
0	0	0	
0	0	0	
0	0	0	
0	0	0	
0	0	0	
0	0	0	
0	0	0	
0	1	0	
0	0	0	
0	0	0	
0	1	0	
1	0	0	
0	0	0	
0	0	0	
0	0	0	
0	0	0	
0	0	0	
0	0	0	
0	0	1	
0	0	0	
0	0	0	
0	0	0	
0	0	0	
0	0	0	
0	1	0	
0	0	1	
0	0	0	
0	0	0	
0	0	0	
0	0	0	
0	0	0	
0	0	0	
0	0	0	
0	0	0	
0	0	0	
0	0	0	
0	1	0	
0	0	0	
app 0 avg time = 0.0416667
app 1 avg time = 0.0833333
app 2 avg time = 0.0277778
avg = 0.0509259
---------transmission_time_record---------------
0.0318748	0.0318748	0.0211763	
0.0318748	0.0318748	0.0211763	
0.0318748	0.0318748	0.0211763	
0.0318748	0.0318748	0.0211763	
0.0318748	0.0318748	0.0211763	
0.0318748	0.0318748	0.0211763	
0.0318748	0.0318748	0.0211763	
0.0318748	0.0318748	0.0211763	
0.0318748	0.0318748	0.0211763	
0.0318748	0.0318748	0.0211763	
0.0318748	0.0318748	0.0211763	
0.0318748	0.0318748	0.0211763	
0.0318748	0.0318748	0.0211763	
0.0318748	0.0318748	0.0211763	
0.0318748	0.0318748	0.0211763	
0.0318748	0.0318748	0.0211763	
0.0318748	0.0318748	0.0211763	
0.0318748	0.0318748	0.0211763	
0.0318748	0.0318748	0.0211763	
0.0318748	0.0318748	0.0211763	
0.0318748	0.0318748	0.0211763	
0.0318748	0.0318748	0.0211763	
0.0318748	0.0318748	0.0211763	
0.0318748	0.0318748	0.0211763	
0.0318748	0.0318748	0.0211763	
0.0318748	0.0318748	0.0211763	
0.0318748	0.0318748	0.0211763	
0.0318748	0.0318748	0.0211763	
0.0318748	0.0318748	0.0211763	
0.0318748	0.0318748	0.0211763	
0.0318748	0.0318748	0.0211763	
0.0318748	0.0318748	0.0211763	
0.0318748	0.0318748	0.0211763	
0.0318748	0.0318748	0.0211763	
0.0318748	0.0318748	0.0211763	
0.0318748	0.0318748	0.0211763	
0.0318748	0.0318748	0.0211763	
0.0318748	0.0318748	0.0211763	
0.0318748	0.0318748	0.0211763	
0.0318748	0.0318748	0.0211763	
0.0318748	0.0318748	0.0211763	
0.0318748	0.0318748	0.0211763	
0.0318748	0.0318748	0.0211763	
0.0318748	0.0318748	0.0211763	
0.0318748	0.0318748	0.0211763	
0.0318748	0.0318748	0.0211763	
0.0318748	0.0318748	0.0211763	
0.0318748	0.0318748	0.0211763	
0.0318748	0.0318748	0.0211763	
0.0318748	0.0318748	0.0211763	
0.0318748	0.0318748	0.0211763	
0.0318748	0.0318748	0.0211763	
0.0318748	0.0318748	0.0211763	
0.0318748	0.0318748	0.0211763	
0.0318748	0.0318748	0.0211763	
0.0318748	0.0318748	0.0211763	
0.0318748	0.0318748	0.0211763	
0.0318748	0.0318748	0.0211763	
0.0318748	0.0318748	0.0211763	
0.0318748	0.0318748	0.0211763	
0.0318748	0.0318748	0.0211763	
0.0318748	0.0318748	0.0211763	
0.0318748	0.0318748	0.0211763	
0.0318748	0.0318748	0.0211763	
0.0318748	0.0318748	0.0211763	
0.0318748	0.0318748	0.0211763	
0.0318748	0.0318748	0.0211763	
0.0318748	0.0318748	0.0211763	
0.0318748	0.0318748	0.0211763	
0.0318748	0.0318748	0.0211763	
0.0318748	0.0318748	0.0211763	
0.0318748	0.0318748	0.0211763	
app 0 avg time = 0.0318748
app 1 avg time = 0.0318748
app 2 avg time = 0.0211763
avg = 0.0283087
---------queue_time_record---------------
0	0.000718375	0	
0.000461965	0.00118034	0	
0.000205555	0.00092393	0	
0	0.000718375	0	
0	0.000718375	0.000331764	
0.00251608	0.00323445	0	
0	0.000718375	0.000269763	
0	0.000718375	0.000269763	
0	0.000718375	0.000269763	
0.016349	0.0170674	0	
0	0.000718375	0.000269763	
0	0.000718375	0.000269763	
0	0.000718375	0.000325016	
0	0.000718375	0	
0	0.000718375	0.000233878	
0.000455218	0.00117359	0	
0	0.000718375	0	
0.00013014	0.000848516	0	
0	0.000718375	0.000294056	
0	0.000718375	0	
0	0.000718375	0.000202918	
0.000424258	0.00114263	0	
0.000218375	0.000936751	0	
0	0.000718375	0	
7.32142e-005	0.00079159	0	
0	0.000718375	0.000265593	
0	0.000718375	0	
0	0.000718375	0	
0	0.000718375	0	
0	0.000718375	0	
0	0.000718375	0	
0.000461965	0.00118034	0	
0.000205555	0.00092393	0	
0	0.000718375	0	
0.000461965	0.00118034	0	
0	0.000718375	0.000240625	
0	0.000718375	0	
0.000177835	0.00089621	0	
0.000448105	0.00116648	0	
0	0.000718375	0	
0.000177835	0.00089621	0	
0	0.000718375	0.000317904	
0	0.000718375	0	
0	0.000718375	0.000226765	
0	0.000718375	0.000317904	
0	0.000718375	0	
0	0.000718375	0.000226765	
0	0.000718375	0.000317904	
0	0.000718375	0	
0	0.000718375	0.000211321	
0.000432661	0.00115104	0	
0	0.000718375	0	
0.000146947	0.000865322	0	
0	0.000718375	0.00030246	
0	0.000718375	0	
0.000146947	0.000865322	0	
0	0.000718375	0.00030246	
0	0.000718375	0	
0.000468375	0.00118675	0	
0	0.000718375	0	
0	0.000718375	0.000184536	
0	0.000718375	0.000265593	
0	0.000718375	0	
0	0.000718375	0.000184536	
0.000405875	0.00112425	0	
0	0.000718375	0	
0.0227763	0.0234946	0	
0.000326219	0.00104459	0	
0.0635084	0.0642268	0	
0.000522297	0.00124067	0	
0.0998834	0.100602	0	
0	0.000718375	0.000104879	
app 0 avg time = 0.0029359
app 1 avg time = 0.00365427
app 2 avg time = 8.61902e-005
avg = 0.00222545
------------------END-----------------------
H = 2
sim_time = 643
