-----------------input_rate-------------------
238
1131 0 2270 3401
481 2094 826 3401
863 438 2100 3401
858 1683 860 3401
528 1593 1780 3901
1338 423 1340 3101
87 1969 1345 3401
1449 80 1872 3401
227 2073 1101 3401
1204 0 2197 3401
798 1755 848 3401
657 1022 1722 3401
1318 763 1320 3401
242 1821 1338 3401
1422 0 1979 3401
492 1854 1055 3401
1020 441 1940 3401
975 1449 977 3401
561 1738 1501 3800
1800 200 1800 3800
368 1989 1044 3401
1501 0 1500 3001
129 2040 832 3001
1500 0 1501 3001
324 1638 1039 3001
1263 474 1264 3001
678 1416 1406 3500
1217 765 1218 3200
739 961 1500 3200
960 1280 960 3200
996 398 1806 3200
748 1903 750 3401
1226 111 2064 3401
578 2244 579 3401
1405 0 1996 3401
501 2409 791 3701
1488 0 1813 3301
108 2484 709 3301
1650 0 1651 3301
240 1852 1209 3301
1290 719 1292 3301
720 846 1735 3301
756 1788 757 3301
1278 0 2023 3301
596 2103 901 3600
1456 0 2144 3600
711 1776 1113 3600
1359 0 2241 3600
758 1842 1000 3600
1342 0 2258 3600
731 1902 967 3600
1408 0 2192 3600
630 1956 1014 3600
1536 0 2064 3600
458 2019 1123 3600
1726 0 2074 3800
417 2085 1298 3800
1803 0 1997 3800
45 2148 1108 3301
2208 0 2393 4601
648 2211 1742 4601
1626 30 2945 4601
525 2250 526 3301
1650 0 1651 3301
39 1785 1477 3301
1378 543 1380 3301
872 95 2334 3301
513 2272 516 3301
1651 0 1650 3301
128 1565 1608 3301
1443 415 1443 3301
888 22 2391 3301
170 2960 171 3301
1850 0 1851 3701
356 1473 1872 3701
1088 1524 1089 3701
1330 0 2371 3701
102 3003 596 3701
1850 0 1851 3701
total time = 242.622
app 0 total events number 182514, throughput inf
app 1 total events number 206010, throughput inf
app 2 total events number 286061, throughput inf
process time = 20878 -- avg = 86.0517
total network usage = 100075
460.203
765.045
510.294
728.751
731.039
524.399
704.044
505.467
734.922
467.16
735.319
594.364
612.527
691.735
488.988
722.412
527.925
699.231
749.616
601.909
734.118
457.146
678.52
455.913
627.072
515.685
675.401
582.673
569.548
647.352
496.44
757.738
488.776
799.671
487.042
851.354
486.663
785.001
501.149
687.148
591.868
559.121
726.85
464.517
796.862
512.424
752.112
502.928
767.052
501.147
774.918
509.074
774.311
520.436
768.46
559.444
797.631
567.324
719.599
688.99
922.789
637.946
785.132
501.314
655.259
569.918
442.437
787.492
501.566
625.592
553.376
431.277
874.723
561.8
672.463
754.242
511.585
916.198
561.986
network usage average = 209.924
manager usage = 22.364
------------event number record---------------
1131	0	2270	
481	2094	826	
863	438	2100	
858	1683	860	
528	1593	1780	
1338	423	1340	
87	1969	1345	
1449	80	1872	
227	2073	1101	
1204	0	2197	
798	1755	848	
657	1022	1722	
1318	763	1320	
242	1821	1338	
1422	0	1979	
492	1854	1055	
1020	441	1940	
975	1449	977	
561	1738	1501	
1800	200	1800	
368	1989	1044	
1501	0	1500	
129	2040	832	
1500	0	1501	
324	1638	1039	
1263	474	1264	
678	1416	1406	
1217	765	1218	
739	961	1500	
960	1280	960	
996	398	1806	
748	1903	750	
1226	111	2064	
578	2244	579	
1405	0	1996	
501	2409	791	
1488	0	1813	
108	2484	709	
1650	0	1651	
240	1852	1209	
1290	719	1292	
720	846	1735	
756	1788	757	
1278	0	2023	
596	2103	901	
1456	0	2144	
711	1776	1113	
1359	0	2241	
758	1842	1000	
1342	0	2258	
731	1902	967	
1408	0	2192	
630	1956	1014	
1536	0	2064	
458	2019	1123	
1726	0	2074	
417	2085	1298	
1803	0	1997	
45	2148	1108	
2208	0	2393	
648	2211	1742	
1626	30	2945	
525	2250	526	
1650	0	1651	
39	1785	1477	
1378	543	1380	
872	95	2334	
513	2272	516	
1651	0	1650	
128	1565	1608	
1443	415	1443	
888	22	2391	
170	2960	171	
1850	0	1851	
356	1473	1872	
1088	1524	1089	
1330	0	2371	
102	3003	596	
1850	0	1851	
app 0 avg time = 941.835
app 1 avg time = 1046.73
app 2 avg time = 1480.52
avg = 1156.36
---------response time---------------
0.0211564	0.022751	0.0107	
0.240255	0.241692	0.0105882	
0.102099	0.103535	0.0105882	
0.115432	0.116869	0.0107	
0.37561	0.377046	0.0105882	
0.0211564	0.022751	0.0106715	
0.385266	0.386703	0.0105882	
0.0211564	0.022751	0.0105882	
0.325018	0.326455	0.0105882	
0.0211564	0.022751	0.0108822	
0.0671554	0.0685921	0.0105882	
0.2105	0.211937	0.0105882	
0.0215807	0.0230175	0.0105882	
0.329425	0.330862	0.0105882	
0.0211564	0.022751	0.0107	
0.191882	0.193319	0.0108822	
0.102653	0.10409	0.0105882	
0.0319367	0.0333734	0.0107	
0.396385	0.397822	0.0105882	
0.0212431	0.0228376	0.0105882	
0.277059	0.278496	0.0105882	
0.0211564	0.022751	0.0105882	
0.28321	0.284647	0.010843	
0.0211564	0.022751	0.0106607	
0.259622	0.261059	0.0105882	
0.0211564	0.022751	0.010843	
0.294731	0.296168	0.0105882	
0.0214076	0.0230021	0.0105882	
0.181323	0.182759	0.0105882	
0.0261321	0.0275689	0.0105882	
0.0878693	0.0893061	0.0105882	
0.180224	0.181661	0.0105882	
0.0416692	0.0431059	0.0105882	
0.256866	0.258303	0.0105882	
0.0211564	0.022751	0.0108822	
0.372133	0.37357	0.0105882	
0.0211564	0.022751	0.0108733	
0.41786	0.419297	0.010691	
0.0211564	0.022751	0.0105882	
0.347138	0.348575	0.0105882	
0.0211564	0.022751	0.010691	
0.169957	0.171393	0.0105882	
0.209143	0.21058	0.0108733	
0.0211564	0.022751	0.010691	
0.25572	0.257157	0.0105882	
0.0211564	0.022751	0.0107163	
0.153079	0.154516	0.0107163	
0.0211564	0.022751	0.0107163	
0.152015	0.153452	0.0105882	
0.0211564	0.022751	0.0107163	
0.172618	0.174055	0.0105882	
0.0211564	0.022751	0.0107163	
0.214888	0.216325	0.0107163	
0.0211564	0.022751	0.0107163	
0.282446	0.283882	0.0105882	
0.0211564	0.022751	0.0109132	
0.351395	0.352831	0.0105882	
0.0211564	0.022751	0.0107309	
0.381555	0.382992	0.0105882	
0.0211564	0.022751	0.0107767	
0.472602	0.474039	0.010959	
0.0290022	0.030439	0.0105882	
0.234133	0.23557	0.0108733	
0.0211564	0.022751	0.010691	
0.335114	0.336551	0.0105882	
0.0215718	0.0230085	0.0105882	
0.0383446	0.0397813	0.0105882	
0.250659	0.252096	0.0105882	
0.0215718	0.0230085	0.0105882	
0.296898	0.298335	0.0105882	
0.0211564	0.022751	0.0105882	
0.0252654	0.0267022	0.0105882	
0.48542	0.486856	0.0105882	
0.0216046	0.0230413	0.0105882	
0.328493	0.32993	0.0105882	
0.321018	0.322454	0.0105882	
0.0211564	0.022751	0.0109061	
0.617012	0.618449	0.0105882	
0.0621346	0.0635714	0.0105882	
app 0 avg time = 0.156647
app 1 avg time = 0.158136
app 2 avg time = 0.0106578
avg = 0.10848
---------process_time_record---------------
0	0	0	
0	0	0	
0	0	0	
0	0	0	
0	0	0	
0	0	0	
0	0	0	
0	0	0	
0	0	0	
0	0	0	
0	0	0	
1	0	0	
0	0	0	
0	0	0	
1	0	0	
0	0	0	
0	0	0	
0	0	0	
0	0	1	
0	0	0	
0	0	0	
0	0	0	
0	0	0	
0	0	0	
0	0	0	
0	0	0	
0	0	0	
0	0	0	
0	0	0	
0	0	0	
0	0	0	
0	0	0	
0	0	0	
0	0	0	
0	0	0	
0	0	0	
0	0	1	
0	0	0	
0	0	1	
0	0	0	
0	0	0	
0	0	0	
0	0	0	
0	0	0	
0	0	0	
0	1	0	
0	0	0	
0	0	0	
0	0	0	
1	0	0	
0	1	0	
0	0	0	
0	0	0	
0	0	0	
0	0	0	
0	0	0	
0	0	0	
0	0	0	
0	0	0	
0	0	0	
0	0	0	
0	0	0	
0	0	0	
0	0	0	
0	0	0	
0	0	0	
0	0	1	
0	0	1	
0	0	0	
0	1	0	
0	0	0	
0	0	0	
0	0	0	
0	0	0	
0	0	0	
0	0	0	
0	0	0	
0	0	0	
0	0	0	
app 0 avg time = 0.0379747
app 1 avg time = 0.0379747
app 2 avg time = 0.0632911
avg = 0.0464135
---------transmission_time_record---------------
0.0318748	0.0318748	0.0211763	
0.0318748	0.0318748	0.0211763	
0.0318748	0.0318748	0.0211763	
0.0318748	0.0318748	0.0211763	
0.0318748	0.0318748	0.0211763	
0.0318748	0.0318748	0.0211763	
0.0318748	0.0318748	0.0211763	
0.0318748	0.0318748	0.0211763	
0.0318748	0.0318748	0.0211763	
0.0318748	0.0318748	0.0211763	
0.0318748	0.0318748	0.0211763	
0.0318748	0.0318748	0.0211763	
0.0318748	0.0318748	0.0211763	
0.0318748	0.0318748	0.0211763	
0.0318748	0.0318748	0.0211763	
0.0318748	0.0318748	0.0211763	
0.0318748	0.0318748	0.0211763	
0.0318748	0.0318748	0.0211763	
0.0318748	0.0318748	0.0211763	
0.0318748	0.0318748	0.0211763	
0.0318748	0.0318748	0.0211763	
0.0318748	0.0318748	0.0211763	
0.0318748	0.0318748	0.0211763	
0.0318748	0.0318748	0.0211763	
0.0318748	0.0318748	0.0211763	
0.0318748	0.0318748	0.0211763	
0.0318748	0.0318748	0.0211763	
0.0318748	0.0318748	0.0211763	
0.0318748	0.0318748	0.0211763	
0.0318748	0.0318748	0.0211763	
0.0318748	0.0318748	0.0211763	
0.0318748	0.0318748	0.0211763	
0.0318748	0.0318748	0.0211763	
0.0318748	0.0318748	0.0211763	
0.0318748	0.0318748	0.0211763	
0.0318748	0.0318748	0.0211763	
0.0318748	0.0318748	0.0211763	
0.0318748	0.0318748	0.0211763	
0.0318748	0.0318748	0.0211763	
0.0318748	0.0318748	0.0211763	
0.0318748	0.0318748	0.0211763	
0.0318748	0.0318748	0.0211763	
0.0318748	0.0318748	0.0211763	
0.0318748	0.0318748	0.0211763	
0.0318748	0.0318748	0.0211763	
0.0318748	0.0318748	0.0211763	
0.0318748	0.0318748	0.0211763	
0.0318748	0.0318748	0.0211763	
0.0318748	0.0318748	0.0211763	
0.0318748	0.0318748	0.0211763	
0.0318748	0.0318748	0.0211763	
0.0318748	0.0318748	0.0211763	
0.0318748	0.0318748	0.0211763	
0.0318748	0.0318748	0.0211763	
0.0318748	0.0318748	0.0211763	
0.0318748	0.0318748	0.0211763	
0.0318748	0.0318748	0.0211763	
0.0318748	0.0318748	0.0211763	
0.0318748	0.0318748	0.0211763	
0.0318748	0.0318748	0.0211763	
0.0318748	0.0318748	0.0211763	
0.0318748	0.0318748	0.0211763	
0.0318748	0.0318748	0.0211763	
0.0318748	0.0318748	0.0211763	
0.0318748	0.0318748	0.0211763	
0.0318748	0.0318748	0.0211763	
0.0318748	0.0318748	0.0211763	
0.0318748	0.0318748	0.0211763	
0.0318748	0.0318748	0.0211763	
0.0318748	0.0318748	0.0211763	
0.0318748	0.0318748	0.0211763	
0.0318748	0.0318748	0.0211763	
0.0318748	0.0318748	0.0211763	
0.0318748	0.0318748	0.0211763	
0.0318748	0.0318748	0.0211763	
0.0318748	0.0318748	0.0211763	
0.0318748	0.0318748	0.0211763	
0.0318748	0.0318748	0.0211763	
0.0318748	0.0318748	0.0211763	
app 0 avg time = 0.0318748
app 1 avg time = 0.0318748
app 2 avg time = 0.0211763
avg = 0.0283087
---------queue_time_record---------------
0.000438072	0.00159452	0.000202918	
0.219099	0.220536	0	
0.0809421	0.0823789	0	
0.0942757	0.0957125	0.000202918	
0.354453	0.35589	0	
0.000438072	0.00159452	0.000174455	
0.364109	0.365546	0	
0.000438072	0.00159452	0	
0.303862	0.305299	0	
0.000438072	0.00159452	0.000294056	
0.0459989	0.0474357	0	
0.189344	0.190781	0	
0.000582026	0.00186101	0	
0.308269	0.309705	0	
0.000438072	0.00159452	0.000202918	
0.170726	0.172162	0.000294056	
0.0814965	0.0829332	0	
0.0107802	0.012217	0.000202918	
0.375229	0.376665	0	
0.000524742	0.00168119	0	
0.255903	0.257339	0	
0.000438072	0.00159452	0	
0.262053	0.26349	0.000254841	
0.000438072	0.00159452	0.000163702	
0.238466	0.239903	0	
0.000438072	0.00159452	0.000254841	
0.273575	0.275012	0	
0.000689216	0.00184566	0	
0.160166	0.161603	0	
0.00497569	0.00641244	0	
0.0667129	0.0681496	0	
0.159068	0.160505	0	
0.0205127	0.0219495	0	
0.23571	0.237147	0	
0.000438072	0.00159452	0.000294056	
0.350977	0.352414	0	
0.000438072	0.00159452	0.000285144	
0.396703	0.39814	0.000194005	
0.000438072	0.00159452	0	
0.325982	0.327418	0	
0.000438072	0.00159452	0.000194005	
0.1488	0.150237	0	
0.187986	0.189423	0.000285144	
0.000438072	0.00159452	0.000194005	
0.234564	0.236	0	
0.000438072	0.00159452	0.000219258	
0.131923	0.133359	0.000219258	
0.000438072	0.00159452	0.000219258	
0.130858	0.132295	0	
0.000438072	0.00159452	0.000219258	
0.151461	0.152898	0	
0.000438072	0.00159452	0.000219258	
0.193732	0.195168	0.000219258	
0.000438072	0.00159452	0.000219258	
0.261289	0.262726	0	
0.000438072	0.00159452	0.000325016	
0.330238	0.331675	0	
0.000438072	0.00159452	0.000233878	
0.360398	0.361835	0	
0.000438072	0.00159452	0.000279644	
0.451446	0.452883	0.000370783	
0.00784577	0.00928252	0	
0.212977	0.214413	0.000285144	
0.000438072	0.00159452	0.000194005	
0.313958	0.315394	0	
0.000573114	0.0018521	0	
0.0171881	0.0186249	0	
0.229503	0.23094	0	
0.000573114	0.0018521	0	
0.275742	0.277178	0	
0.000438072	0.00159452	0	
0.00410897	0.00554572	0	
0.464263	0.4657	0	
0.000605874	0.00188486	0	
0.307337	0.308773	0	
0.299861	0.301298	0	
0.000438072	0.00159452	0.000317904	
0.595856	0.597292	0	
0.0409782	0.0424149	0	
app 0 avg time = 0.135643
app 1 avg time = 0.136979
app 2 avg time = 9.15843e-005
avg = 0.0909044
------------------END-----------------------
H = 2
sim_time = 238
