-----------------input_rate-------------------
995
1650 1850 0 3500
1347 1142 1011 3500
0 1931 1569 3500
1113 1273 1114 3500
270 1704 1526 3500
1425 312 1763 3500
264 2049 1187 3500
1185 135 2480 3800
731 1938 732 3401
700 958 1743 3401
1302 797 1302 3401
774 1785 1842 4401
858 1590 1953 4401
1503 276 2622 4401
1296 1809 1296 4401
795 1890 1716 4401
957 1545 1899 4401
1848 393 2260 4501
1124 1989 1388 4501
929 2040 1632 4601
1721 444 2436 4601
765 1668 767 3200
1176 121 1903 3200
570 2060 570 3200
1386 367 2148 3901
1013 1874 1014 3901
943 1206 1752 3901
1402 1095 1404 3901
572 2018 1410 4000
1830 337 1833 4000
357 2409 1234 4000
1650 0 1651 3301
135 2106 1060 3301
1911 378 1912 4201
87 2156 1058 3301
1443 415 1443 3301
567 1150 1584 3301
908 1484 909 3301
1126 0 2175 3301
648 2103 650 3401
1404 0 1997 3401
564 1776 1061 3401
1506 0 1895 3401
412 1842 1147 3401
1688 0 1713 3401
186 1902 1313 3401
1701 0 1700 3401
252 1731 1418 3401
1587 225 1589 3401
579 651 1771 3001
915 1368 917 3200
1269 0 1931 3200
273 2085 842 3200
1947 0 2353 4300
252 2148 1100 3500
1751 0 1749 3500
250 1720 1530 3500
1503 491 1506 3500
771 641 2088 3500
930 1639 931 3500
1284 0 2216 3500
332 2328 840 3500
1750 0 1750 3500
168 1701 1631 3500
1617 666 1618 3901
675 1070 2156 3901
1044 910 1047 3001
1287 0 1714 3001
0 1928 1073 3001
972 1054 975 3001
1404 0 2096 3500
0 2677 823 3500
1490 320 1491 3301
928 109 2463 3500
203 2894 204 3301
1651 0 1650 3301
total time = 999.887
app 0 total events number 656112, throughput inf
app 1 total events number 737982, throughput inf
app 2 total events number 1033781, throughput inf
process time = 74416 -- avg = 74.4244
total network usage = 277272
704.305
605.468
549.291
593.935
553.305
530.002
588.211
519.177
612.206
512.015
555.407
704.399
692.022
625.847
757.01
715.465
698.761
681.773
768.151
763.948
684.189
569.683
455.927
587.454
572.552
684.493
612.704
646.145
665.201
623.173
682.663
502.482
559.379
655.957
559.841
521.395
509.262
574.403
448.988
620.218
486.812
580.82
497.067
571.068
514.752
554.636
517.588
544.109
527.335
428.811
553.447
454.379
560.726
632.214
595.443
531.486
554.36
555.107
497.953
612.037
485.053
622.799
531.024
542.919
624.801
571.707
501.725
434.59
498.119
507.45
497.063
624.393
516.833
460.674
644.139
500.919
network usage average = 44.0213
manager usage = 20.9663
------------event number record---------------
1650	1850	0	
1347	1142	1011	
0	1931	1569	
1113	1273	1114	
270	1704	1526	
1425	312	1763	
264	2049	1187	
1185	135	2480	
731	1938	732	
700	958	1743	
1302	797	1302	
774	1785	1842	
858	1590	1953	
1503	276	2622	
1296	1809	1296	
795	1890	1716	
957	1545	1899	
1848	393	2260	
1124	1989	1388	
929	2040	1632	
1721	444	2436	
765	1668	767	
1176	121	1903	
570	2060	570	
1386	367	2148	
1013	1874	1014	
943	1206	1752	
1402	1095	1404	
572	2018	1410	
1830	337	1833	
357	2409	1234	
1650	0	1651	
135	2106	1060	
1911	378	1912	
87	2156	1058	
1443	415	1443	
567	1150	1584	
908	1484	909	
1126	0	2175	
648	2103	650	
1404	0	1997	
564	1776	1061	
1506	0	1895	
412	1842	1147	
1688	0	1713	
186	1902	1313	
1701	0	1700	
252	1731	1418	
1587	225	1589	
579	651	1771	
915	1368	917	
1269	0	1931	
273	2085	842	
1947	0	2353	
252	2148	1100	
1751	0	1749	
250	1720	1530	
1503	491	1506	
771	641	2088	
930	1639	931	
1284	0	2216	
332	2328	840	
1750	0	1750	
168	1701	1631	
1617	666	1618	
675	1070	2156	
1044	910	1047	
1287	0	1714	
0	1928	1073	
972	1054	975	
1404	0	2096	
0	2677	823	
1490	320	1491	
928	109	2463	
203	2894	204	
1651	0	1650	
app 0 avg time = 984.553
app 1 avg time = 1114.12
app 2 avg time = 1503.24
avg = 1200.64
---------response time---------------
0.116886	0.117604	0.0105882	
0.0211754	0.0220516	0.0105882	
0.0268385	0.0277146	0.0105882	
0.0211564	0.0220326	0.0108906	
0.0319491	0.0328253	0.0105882	
0.0211564	0.0220326	0.0107084	
0.0211564	0.0220326	0.0108906	
0.0250566	0.0259328	0.0105882	
0.0214444	0.0223205	0.0105882	
0.0215807	0.0222991	0.0105882	
0.0211564	0.0220326	0.0105882	
0.0351876	0.0360638	0.0105882	
0.124149	0.125025	0.0105882	
0.0240713	0.0249475	0.0105882	
0.0213508	0.0222269	0.0105882	
0.0494957	0.0503719	0.0105882	
0.121234	0.12211	0.0105882	
0.0211564	0.0220326	0.0109541	
0.0215881	0.0224643	0.0105882	
0.147185	0.147903	0.0105882	
0.054304	0.0551802	0.0105882	
0.0211564	0.0220326	0.0106816	
0.0215623	0.0222807	0.0105882	
0.0211564	0.0220326	0.0105882	
0.0346618	0.0353802	0.0105882	
0.0215198	0.0223959	0.0105882	
0.0641356	0.0650117	0.0105882	
0.0216184	0.0223368	0.0105882	
0.106301	0.107178	0.0105882	
0.0211564	0.0220326	0.0105882	
0.0797779	0.0806541	0.0109263	
0.0211564	0.0220326	0.010691	
0.0211564	0.0220326	0.0105882	
0.0211564	0.0220326	0.0109383	
0.0214265	0.0223027	0.0105882	
0.0211564	0.0220326	0.0105882	
0.0215718	0.0222902	0.0105882	
0.0214265	0.0223027	0.0105882	
0.0211564	0.0220326	0.0105882	
0.0211564	0.0220326	0.0107	
0.0211564	0.0220326	0.0108822	
0.0211564	0.0220326	0.0105882	
0.0211564	0.0220326	0.0107	
0.0215807	0.0222991	0.0105882	
0.0211564	0.0220326	0.0105882	
0.0211564	0.0220326	0.0107	
0.0211564	0.0220326	0.0108822	
0.0211564	0.0220326	0.0105882	
0.0211564	0.0220326	0.0107	
0.0211564	0.0220326	0.0105882	
0.0211564	0.0220326	0.0106816	
0.0211564	0.0220326	0.0108638	
0.0211564	0.0220326	0.0105882	
0.0211564	0.0220326	0.0109438	
0.0211564	0.0220326	0.0105882	
0.0214612	0.0223373	0.0105882	
0.0324768	0.0331952	0.0105882	
0.0211564	0.0220326	0.0105882	
0.0255084	0.0263846	0.0105882	
0.0211564	0.0220326	0.0108906	
0.0211564	0.0220326	0.0105882	
0.0214612	0.0223373	0.0105882	
0.0211564	0.0220326	0.0108906	
0.0319301	0.0328063	0.0105882	
0.0211564	0.0220326	0.0109199	
0.0595809	0.060457	0.0105882	
0.0211564	0.0220326	0.0105882	
0.0211564	0.0220326	0.010843	
0.0213659	0.0222421	0.0105882	
0.0211564	0.0220326	0.0105882	
0.0211564	0.0220326	0.0107084	
0.0385382	0.0392565	0.0105882	
0.0214265	0.0223027	0.0105882	
0.0222732	0.0229915	0.0105882	
0.0214265	0.0223027	0.0105882	
0.0211564	0.0220326	0.0105882	
app 0 avg time = 0.0318483
app 1 avg time = 0.0327016
app 2 avg time = 0.0106546
avg = 0.0250682
---------process_time_record---------------
0	0	0	
0	0	0	
0	0	0	
0	0	0	
0	0	0	
0	0	0	
0	0	0	
0	0	0	
0	0	0	
0	1	0	
0	0	0	
0	0	0	
0	0	0	
0	0	0	
0	0	0	
0	0	0	
0	1	1	
0	0	0	
0	0	0	
0	0	0	
0	0	0	
0	0	0	
0	0	0	
0	1	0	
0	0	0	
0	0	0	
0	0	0	
0	0	0	
0	0	0	
0	0	0	
0	1	0	
0	0	0	
0	0	0	
0	0	0	
0	0	0	
0	0	0	
0	0	1	
1	0	0	
0	0	0	
0	0	0	
0	0	0	
0	0	0	
0	0	0	
1	0	0	
0	0	0	
0	0	0	
0	0	1	
0	0	1	
0	0	0	
1	0	0	
0	0	0	
0	0	0	
0	0	0	
0	0	0	
0	0	0	
0	0	0	
0	0	0	
0	0	0	
0	0	0	
0	0	0	
0	0	0	
1	0	0	
0	0	0	
0	0	0	
0	0	0	
0	0	0	
0	0	0	
0	0	0	
0	0	0	
0	0	0	
0	0	0	
0	0	0	
0	0	0	
0	0	0	
0	0	0	
0	0	0	
app 0 avg time = 0.0526316
app 1 avg time = 0.0526316
app 2 avg time = 0.0526316
avg = 0.0526316
---------transmission_time_record---------------
0.0318748	0.0318748	0.0211763	
0.0318748	0.0318748	0.0211763	
0.0318748	0.0318748	0.0211763	
0.0318748	0.0318748	0.0211763	
0.0318748	0.0318748	0.0211763	
0.0318748	0.0318748	0.0211763	
0.0318748	0.0318748	0.0211763	
0.0318748	0.0318748	0.0211763	
0.0318748	0.0318748	0.0211763	
0.0318748	0.0318748	0.0211763	
0.0318748	0.0318748	0.0211763	
0.0318748	0.0318748	0.0211763	
0.0318748	0.0318748	0.0211763	
0.0318748	0.0318748	0.0211763	
0.0318748	0.0318748	0.0211763	
0.0318748	0.0318748	0.0211763	
0.0318748	0.0318748	0.0211763	
0.0318748	0.0318748	0.0211763	
0.0318748	0.0318748	0.0211763	
0.0318748	0.0318748	0.0211763	
0.0318748	0.0318748	0.0211763	
0.0318748	0.0318748	0.0211763	
0.0318748	0.0318748	0.0211763	
0.0318748	0.0318748	0.0211763	
0.0318748	0.0318748	0.0211763	
0.0318748	0.0318748	0.0211763	
0.0318748	0.0318748	0.0211763	
0.0318748	0.0318748	0.0211763	
0.0318748	0.0318748	0.0211763	
0.0318748	0.0318748	0.0211763	
0.0318748	0.0318748	0.0211763	
0.0318748	0.0318748	0.0211763	
0.0318748	0.0318748	0.0211763	
0.0318748	0.0318748	0.0211763	
0.0318748	0.0318748	0.0211763	
0.0318748	0.0318748	0.0211763	
0.0318748	0.0318748	0.0211763	
0.0318748	0.0318748	0.0211763	
0.0318748	0.0318748	0.0211763	
0.0318748	0.0318748	0.0211763	
0.0318748	0.0318748	0.0211763	
0.0318748	0.0318748	0.0211763	
0.0318748	0.0318748	0.0211763	
0.0318748	0.0318748	0.0211763	
0.0318748	0.0318748	0.0211763	
0.0318748	0.0318748	0.0211763	
0.0318748	0.0318748	0.0211763	
0.0318748	0.0318748	0.0211763	
0.0318748	0.0318748	0.0211763	
0.0318748	0.0318748	0.0211763	
0.0318748	0.0318748	0.0211763	
0.0318748	0.0318748	0.0211763	
0.0318748	0.0318748	0.0211763	
0.0318748	0.0318748	0.0211763	
0.0318748	0.0318748	0.0211763	
0.0318748	0.0318748	0.0211763	
0.0318748	0.0318748	0.0211763	
0.0318748	0.0318748	0.0211763	
0.0318748	0.0318748	0.0211763	
0.0318748	0.0318748	0.0211763	
0.0318748	0.0318748	0.0211763	
0.0318748	0.0318748	0.0211763	
0.0318748	0.0318748	0.0211763	
0.0318748	0.0318748	0.0211763	
0.0318748	0.0318748	0.0211763	
0.0318748	0.0318748	0.0211763	
0.0318748	0.0318748	0.0211763	
0.0318748	0.0318748	0.0211763	
0.0318748	0.0318748	0.0211763	
0.0318748	0.0318748	0.0211763	
0.0318748	0.0318748	0.0211763	
0.0318748	0.0318748	0.0211763	
0.0318748	0.0318748	0.0211763	
0.0318748	0.0318748	0.0211763	
0.0318748	0.0318748	0.0211763	
0.0318748	0.0318748	0.0211763	
app 0 avg time = 0.0318748
app 1 avg time = 0.0318748
app 2 avg time = 0.0211763
avg = 0.0283087
---------queue_time_record---------------
0.0958869	0.096763	0	
0.000457073	0.00133322	0	
0.00612012	0.00699627	0	
0.000438072	0.00131422	0.00030246	
0.0112307	0.0121069	0	
0.000438072	0.00131422	0.000211321	
0.000438072	0.00131422	0.00030246	
0.00433824	0.00521438	0	
0.000725981	0.00160212	0	
0.000582026	0.00145817	0	
0.000438072	0.00131422	0	
0.0144692	0.0153454	4.24901e-005	
0.103431	0.104307	0	
0.00335296	0.0042291	0	
0.000632398	0.00150854	0	
0.0287773	0.0296535	0	
0.100516	0.101392	0	
0.000438072	0.00131422	0.000365952	
0.000869772	0.00174592	0	
0.126186	0.127062	0	
0.0335857	0.0344618	0	
0.000438072	0.00131422	0.000184536	
0.000563644	0.00143979	0	
0.000438072	0.00131422	0	
0.0136632	0.0145393	0	
0.000801396	0.00167754	0	
0.0434172	0.0442934	0	
0.000619734	0.00149588	0	
0.085583	0.0864592	0	
0.000438072	0.00131422	0	
0.0590595	0.0599357	0.000338174	
0.000438072	0.00131422	0.000194005	
0.000438072	0.00131422	0	
0.000438072	0.00131422	0.000350079	
0.000708155	0.0015843	0	
0.000438072	0.00131422	0	
0.000573114	0.00144926	0	
0.000708155	0.0015843	0	
0.000438072	0.00131422	0	
0.000438072	0.00131422	0.000202918	
0.000438072	0.00131422	0.000294056	
0.000438072	0.00131422	0	
0.000438072	0.00131422	0.000202918	
0.000582026	0.00145817	0	
0.000438072	0.00131422	0	
0.000438072	0.00131422	0.000202918	
0.000438072	0.00131422	0.000294056	
0.000438072	0.00131422	0	
0.000438072	0.00131422	0.000202918	
0.000438072	0.00131422	0	
0.000438072	0.00131422	0.000184536	
0.000438072	0.00131422	0.000275674	
0.000438072	0.00131422	0	
0.000438072	0.00131422	0.000355616	
0.000438072	0.00131422	0	
0.000742787	0.00161893	0	
0.0114781	0.0123543	0	
0.000438072	0.00131422	0	
0.00479004	0.00566618	0	
0.000438072	0.00131422	0.00030246	
0.000438072	0.00131422	0	
0.000742787	0.00161893	0	
0.000438072	0.00131422	0.00030246	
0.0112117	0.0120879	0	
0.000438072	0.00131422	0.000331764	
0.0388625	0.0397387	0	
0.000438072	0.00131422	0	
0.000438072	0.00131422	0.000254841	
0.000647549	0.00152369	0	
0.000438072	0.00131422	0	
0.000438072	0.00131422	0.000211321	
0.0175395	0.0184156	0	
0.000708155	0.0015843	0	
0.00127447	0.00215062	0	
0.000708155	0.0015843	0	
0.000438072	0.00131422	0	
app 0 avg time = 0.0110894
app 1 avg time = 0.0119655
app 2 avg time = 7.77623e-005
avg = 0.00771089
------------------END-----------------------
H = 2
sim_time = 995
