-----------------input_rate-------------------
243
1813 0 2187 4000
48 2094 1159 3301
1296 0 2005 3301
324 2121 856 3301
1062 0 2239 3301
605 2016 680 3301
820 402 2079 3301
826 1647 828 3301
623 1561 1917 4101
1431 512 2158 4101
1014 1755 1332 4101
625 1785 1691 4101
1295 415 2391 4101
1347 1406 1348 4101
564 1854 1683 4101
1104 973 2024 4101
1536 917 1648 4101
666 1938 1497 4101
1182 863 1856 3901
1386 1126 1389 3901
580 2040 1281 3901
1751 0 1749 3500
335 2112 1053 3500
1663 0 1837 3500
282 2181 838 3301
1650 0 1651 3301
150 2241 910 3301
1830 0 1871 3701
315 2301 1085 3701
1659 0 2042 3701
444 2355 902 3701
1539 0 2162 3701
519 2409 773 3701
1470 0 2231 3701
525 2484 692 3701
1473 0 2228 3701
456 2571 674 3701
1554 0 2147 3701
322 2634 745 3701
1712 0 1989 3701
413 2103 1185 3701
1639 0 2062 3701
630 1776 1295 3701
1440 0 2261 3701
576 1842 883 3301
1524 0 1777 3301
651 1902 1548 4101
1488 0 2012 3500
450 1956 1094 3500
1716 0 1784 3500
177 2019 1304 3500
1751 0 1749 3500
256 1759 1485 3500
1587 326 1587 3500
633 781 1887 3301
966 1367 968 3301
1287 0 2014 3301
268 2211 822 3301
1651 0 1650 3301
355 1272 1674 3301
1146 1008 1147 3301
1068 326 2507 3901
948 2002 951 3901
1302 0 2599 3901
684 2367 850 3901
1608 0 2293 3901
562 1980 1359 3901
1769 0 2132 3901
0 2763 1138 3901
1790 219 1791 3800
586 1111 2103 3800
957 1886 957 3800
1461 0 2339 3800
69 3003 728 3800
1749 0 1751 3500
total time = 247.833
app 0 total events number 182514, throughput inf
app 1 total events number 206010, throughput inf
app 2 total events number 286061, throughput inf
process time = 23926 -- avg = 96.5407
total network usage = 93717.9
0
0
0
0.533704
0
0
0
0
0.533704
0
0
0
0
0.533704
0
0
0
0
0.533704
0
0
0
0.533704
0
0
0
0
0.533704
0
0
0
0
0.533704
0
0
0
0
0.533704
0
0
0
0
0.533704
0
0
0
0
0.533704
0
0
0
0
0.533704
0
0
0
0
0.533704
0
0
0
0
0.533704
0
0
0
0
0.533704
0
0
0
0
0.533704
0
0
network usage average = 0.0329447
manager usage = 8.00557
------------event number record---------------
1813	0	2187	
48	2094	1159	
1296	0	2005	
324	2121	856	
1062	0	2239	
605	2016	680	
820	402	2079	
826	1647	828	
623	1561	1917	
1431	512	2158	
1014	1755	1332	
625	1785	1691	
1295	415	2391	
1347	1406	1348	
564	1854	1683	
1104	973	2024	
1536	917	1648	
666	1938	1497	
1182	863	1856	
1386	1126	1389	
580	2040	1281	
1751	0	1749	
335	2112	1053	
1663	0	1837	
282	2181	838	
1650	0	1651	
150	2241	910	
1830	0	1871	
315	2301	1085	
1659	0	2042	
444	2355	902	
1539	0	2162	
519	2409	773	
1470	0	2231	
525	2484	692	
1473	0	2228	
456	2571	674	
1554	0	2147	
322	2634	745	
1712	0	1989	
413	2103	1185	
1639	0	2062	
630	1776	1295	
1440	0	2261	
576	1842	883	
1524	0	1777	
651	1902	1548	
1488	0	2012	
450	1956	1094	
1716	0	1784	
177	2019	1304	
1751	0	1749	
256	1759	1485	
1587	326	1587	
633	781	1887	
966	1367	968	
1287	0	2014	
268	2211	822	
1651	0	1650	
355	1272	1674	
1146	1008	1147	
1068	326	2507	
948	2002	951	
1302	0	2599	
684	2367	850	
1608	0	2293	
562	1980	1359	
1769	0	2132	
0	2763	1138	
1790	219	1791	
586	1111	2103	
957	1886	957	
1461	0	2339	
69	3003	728	
1749	0	1751	
app 0 avg time = 999.373
app 1 avg time = 1102.56
app 2 avg time = 1566.84
avg = 1222.92
---------response time---------------
0	0	0	
0	0	0	
0	0	0	
0	0	0	
0	0	0	
0	0	0	
0	0	0	
0	0	0	
0	0	0	
0	0	0	
0	0	0	
0	0	0	
0	0	0	
0	0	0	
0	0	0	
0	0	0	
0	0	0	
0	0	0	
0	0	0	
0	0	0	
0	0	0	
0	0	0	
0	0	0	
0	0	0	
0	0	0	
0	0	0	
0	0	0	
0	0	0	
0	0	0	
0	0	0	
0	0	0	
0	0	0	
0	0	0	
0	0	0	
0	0	0	
0	0	0	
0	0	0	
0	0	0	
0	0	0	
0	0	0	
0	0	0	
0	0	0	
0	0	0	
0	0	0	
0	0	0	
0	0	0	
0	0	0	
0	0	0	
0	0	0	
0	0	0	
0	0	0	
0	0	0	
0	0	0	
0	0	0	
0	0	0	
0	0	0	
0	0	0	
0	0	0	
0	0	0	
0	0	0	
0	0	0	
0	0	0	
0	0	0	
0	0	0	
0	0	0	
0	0	0	
0	0	0	
0	0	0	
0	0	0	
0	0	0	
0	0	0	
0	0	0	
0	0	0	
0	0	0	
0	0	0	
app 0 avg time = 0
app 1 avg time = 0
app 2 avg time = 0
avg = 0
---------process_time_record---------------
0	1	0	
0	0	0	
0	0	0	
0	1	0	
0	0	0	
0	1	0	
0	0	0	
0	0	0	
0	0	0	
0	1	0	
0	0	0	
0	0	0	
1	0	0	
0	1	0	
1	0	0	
0	0	1	
0	0	1	
0	0	0	
0	0	0	
0	1	0	
0	0	0	
1	0	0	
0	0	0	
0	0	1	
0	1	0	
0	0	0	
0	0	0	
0	0	1	
0	0	0	
0	0	1	
0	0	0	
0	0	0	
0	1	0	
0	0	0	
0	0	0	
0	1	0	
0	0	0	
0	0	0	
1	0	0	
0	1	0	
0	1	0	
0	0	0	
0	0	1	
0	0	1	
1	0	0	
0	0	1	
1	0	0	
0	0	0	
0	1	0	
0	1	0	
0	0	0	
0	0	0	
0	1	0	
1	0	0	
0	1	0	
0	1	0	
0	1	0	
0	0	0	
0	1	0	
0	0	1	
0	0	0	
0	0	0	
0	0	0	
0	1	0	
0	0	1	
0	1	0	
0	0	0	
0	1	0	
0	0	0	
0	0	0	
1	0	0	
0	0	0	
0	0	1	
0	0	0	
0	0	1	
app 0 avg time = 0.106667
app 1 avg time = 0.28
app 2 avg time = 0.16
avg = 0.182222
---------transmission_time_record---------------
0	0	0	
0	0	0	
0	0	0	
0	0	0	
0	0	0	
0	0	0	
0	0	0	
0	0	0	
0	0	0	
0	0	0	
0	0	0	
0	0	0	
0	0	0	
0	0	0	
0	0	0	
0	0	0	
0	0	0	
0	0	0	
0	0	0	
0	0	0	
0	0	0	
0	0	0	
0	0	0	
0	0	0	
0	0	0	
0	0	0	
0	0	0	
0	0	0	
0	0	0	
0	0	0	
0	0	0	
0	0	0	
0	0	0	
0	0	0	
0	0	0	
0	0	0	
0	0	0	
0	0	0	
0	0	0	
0	0	0	
0	0	0	
0	0	0	
0	0	0	
0	0	0	
0	0	0	
0	0	0	
0	0	0	
0	0	0	
0	0	0	
0	0	0	
0	0	0	
0	0	0	
0	0	0	
0	0	0	
0	0	0	
0	0	0	
0	0	0	
0	0	0	
0	0	0	
0	0	0	
0	0	0	
0	0	0	
0	0	0	
0	0	0	
0	0	0	
0	0	0	
0	0	0	
0	0	0	
0	0	0	
0	0	0	
0	0	0	
0	0	0	
0	0	0	
0	0	0	
0	0	0	
app 0 avg time = 0
app 1 avg time = 0
app 2 avg time = 0
avg = 0
---------queue_time_record---------------
0	0	0	
0	0	0	
0	0	0	
0	0	0	
0	0	0	
0	0	0	
0	0	0	
0	0	0	
0	0	0	
0	0	0	
0	0	0	
0	0	0	
0	0	0	
0	0	0	
0	0	0	
0	0	0	
0	0	0	
0	0	0	
0	0	0	
0	0	0	
0	0	0	
0	0	0	
0	0	0	
0	0	0	
0	0	0	
0	0	0	
0	0	0	
0	0	0	
0	0	0	
0	0	0	
0	0	0	
0	0	0	
0	0	0	
0	0	0	
0	0	0	
0	0	0	
0	0	0	
0	0	0	
0	0	0	
0	0	0	
0	0	0	
0	0	0	
0	0	0	
0	0	0	
0	0	0	
0	0	0	
0	0	0	
0	0	0	
0	0	0	
0	0	0	
0	0	0	
0	0	0	
0	0	0	
0	0	0	
0	0	0	
0	0	0	
0	0	0	
0	0	0	
0	0	0	
0	0	0	
0	0	0	
0	0	0	
0	0	0	
0	0	0	
0	0	0	
0	0	0	
0	0	0	
0	0	0	
0	0	0	
0	0	0	
0	0	0	
0	0	0	
0	0	0	
0	0	0	
0	0	0	
app 0 avg time = 0
app 1 avg time = 0
app 2 avg time = 0
avg = 0
------------------END-----------------------
H = 2
sim_time = 243
